0 ~Sticker  1.1 x  1.1 with Black Suitcase and Key Symbol - Pattern
0 Name: s\004589ds01.dat
0 Author: Alex Taylor [anathema]
0 !LDRAW_ORG Unofficial_Subpart
0 !LICENSE Redistributable under CCAL version 2.0 : see CAreadme.txt

0 BFC CERTIFY CCW

3 16 80 0 86 114 0 114 65 0 86
3 16 80 0 71 114 0 114 80 0 86
3 16 65 0 86 114 0 114 -65 0 86
4 16 -80 0 86 -65 0 86 114 0 114 -114 0 114
3 16 80 0 71 80 0 -29 114 0 114
4 16 114 0 114 80 0 -29 80 0 -44 114 0 -114
3 16 -114 0 114 -80 0 -29 -80 0 71
4 0 -80 0 -29 -65 0 -29 -65 0 71 -80 0 71
4 16 -65 0 71 -65 0 -29 -55 0 -22 -55 0 -16
3 16 -55 0 -16 -55 0 41 -65 0 71
3 16 -65 0 71 -55 0 41 -55 0 49
3 16 -55 0 49 -47 0 49 -65 0 71
3 16 -65 0 71 -47 0 49 -36 0 49
3 16 -36 0 49 -34 0 49 -65 0 71
4 16 -28 0 49 -65 0 71 -34 0 49 -28 0 47
3 16 -28 0 47 -34 0 49 -34 0 47
4 16 -28 0 47 -34 0 47 -34 0 -20 -28 0 -20
4 16 -28 0 -22 -28 0 -20 -34 0 -20 -34 0 -22
3 16 -34 0 -22 -65 0 -29 -28 0 -22
3 16 -28 0 -22 -65 0 -29 -26 0 -22
4 16 0 0 -22 -26 0 -22 -65 0 -29 65 0 -29
3 16 -36 0 -22 -65 0 -29 -34 0 -22
3 16 -47 0 -22 -65 0 -29 -36 0 -22
3 16 -55 0 -22 -65 0 -29 -47 0 -22
3 16 -28 0 49 -26 0 49 -65 0 71
4 16 -65 0 71 -26 0 49 -17 0 49 -16 0 53
3 16 -65 0 71 -16 0 53 -16 0 57
3 16 -16 0 57 -16 0 63 -65 0 71
3 16 -65 0 71 -16 0 63 -10 0 63
4 16 -65 0 71 -10 0 63 0 0 63 65 0 71
3 16 -80 0 71 -80 0 86 -114 0 114
4 16 -80 0 -44 -80 0 -29 -114 0 114 -114 0 -114
4 0 80 0 71 65 0 71 65 0 -29 80 0 -29
4 0 -26 0 -22 0 0 -22 0 0 50 -26 0 -20
4 0 65 0 -29 -65 0 -29 -65 0 -44 65 0 -44
4 0 -65 0 86 -65 0 71 65 0 71 65 0 86
4 0 -20 0 49 -26 0 47 -28 0 -20 -26 0 -20
3 0 -26 0 47 -20 0 49 -26 0 49
3 0 -26 0 47 -28 0 47 -28 0 -20
4 0 -4 0 63 -10 0 63 -6 0 54 0 0 54
4 16 0 0 54 -9 0 54 -9 0 50 9 0 50
3 16 9 0 54 0 0 54 9 0 50
3 0 0 0 63 -4 0 63 0 0 54
4 0 -26 0 -20 0 0 50 -9 0 50 -17 0 49
4 0 -9 0 50 -9 0 54 -16 0 53 -17 0 49
4 0 -16 0 57 -16 0 53 -9 0 54 -10 0 57
4 0 -10 0 57 -9 0 54 -6 0 54 -10 0 63
4 0 -47 0 41 -55 0 41 -55 0 -14 -47 0 -14
3 0 -47 0 41 -36 0 49 -47 0 49
4 0 -47 0 -14 -47 0 -22 -36 0 -22 -36 0 -20
4 0 -47 0 -14 -36 0 -20 -34 0 -20 -34 0 47
4 0 -36 0 49 -47 0 41 -47 0 -14 -36 0 47
3 0 -36 0 47 -47 0 -14 -34 0 47
4 16 -47 0 -64 9 0 -64 9 0 -47 -65 0 -44
4 16 9 0 -47 34 0 -47 65 0 -44 -65 0 -44
4 16 65 0 -44 34 0 -47 59 0 -47 80 0 -44
4 16 80 0 -44 59 0 -47 59 0 -72 114 0 -114
3 16 59 0 -97 114 0 -114 59 0 -72
3 16 34 0 -97 114 0 -114 59 0 -97
4 16 114 0 -114 34 0 -97 8 0 -97 -114 0 -114
4 16 -52 0 -71 -47 0 -64 -65 0 -44 -80 0 -44
4 16 -52 0 -68 -80 0 -44 -114 0 -114 -52 0 -72
3 16 -114 0 -114 -45 0 -78 -52 0 -72
4 16 -43 0 -78 -45 0 -78 -114 0 -114 9 0 -97
4 16 -43 0 -78 9 0 -97 -32 0 -78 -36 0 -76
4 16 -32 0 -78 9 0 -97 -21 0 -78 -24 0 -76
4 16 1 0 -78 -21 0 -78 9 0 -97 7 0 -81.5671
3 16 10.903 0 -62.4329 9 0 -47 9 0 -64
3 0 -32 0 -78 -24 0 -76 -36 0 -76
4 0 -43 0 -78 -36 0 -76 -47 0 -64 -45 0 -78
4 0 -45 0 -78 -47 0 -64 -52 0 -71 -52 0 -72
3 0 -24 0 -76 -47 0 -64 -36 0 -76
3 0 1 0 -78 9 0 -64 -21 0 -78
3 0 -21 0 -78 9 0 -64 -24 0 -76
3 0 -24 0 -76 9 0 -64 -47 0 -64
3 0 10.903 0 -62.4329 9 0 -64 34 0 -72
3 0 34 0 -72 9 0 -64 10.903 0 -81.5671
3 0 10.903 0 -81.5671 9 0 -64 7 0 -81.5671
3 16 7 0 -81.5671 9 0 -97 10.903 0 -81.5671
3 0 7 0 -81.5671 9 0 -64 1 0 -78
1 0 65 0 71 15 0 0 0 1 0 0 0 15 1-4disc.dat
1 16 65 0 71 15 0 0 0 1 0 0 0 15 1-4ndis.dat
1 0 -65 0 71 0 0 -15 0 1 0 15 0 0 1-4disc.dat
1 0 -47 0 41 0 0 -8 0 1 0 8 0 0 1-4disc.dat
1 16 -47 0 41 0 0 -8 0 1 0 8 0 0 1-4ndis.dat
1 0 -36 0 47 2 0 0 0 1 0 0 0 2 1-4disc.dat
1 16 -36 0 47 2 0 0 0 1 0 0 0 2 1-4ndis.dat
1 0 -26 0 47 0 0 -2 0 1 0 2 0 0 1-4disc.dat
1 16 -26 0 47 0 0 -2 0 1 0 2 0 0 1-4ndis.dat
1 0 -36 0 -20 0 0 2 0 1 0 -2 0 0 1-4disc.dat
1 16 -36 0 -20 0 0 2 0 1 0 -2 0 0 1-4ndis.dat
1 0 -26 0 -20 -2 0 0 0 1 0 0 0 -2 1-4disc.dat
1 16 -26 0 -20 -2 0 0 0 1 0 0 0 -2 1-4ndis.dat
1 0 -10 0 57 0 0 -6 0 1 0 6 0 0 1-4disc.dat
1 16 -10 0 57 0 0 -6 0 1 0 6 0 0 1-4ndis.dat
1 0 -47 0 -14 -8 0 0 0 1 0 0 0 -8 1-4disc.dat
1 16 -47 0 -14 -8 0 0 0 1 0 0 0 -8 1-4ndis.dat
4 16 55 0 -22 65 0 -29 65 0 71 55 0 -16
3 16 65 0 71 55 0 41 55 0 -16
3 16 55 0 49 55 0 41 65 0 71
3 16 65 0 71 47 0 49 55 0 49
3 16 36 0 49 47 0 49 65 0 71
3 16 65 0 71 34 0 49 36 0 49
4 16 34 0 49 65 0 71 28 0 49 28 0 47
3 16 34 0 47 34 0 49 28 0 47
4 16 34 0 -20 34 0 47 28 0 47 28 0 -20
4 16 34 0 -20 28 0 -20 28 0 -22 34 0 -22
3 16 28 0 -22 65 0 -29 34 0 -22
3 16 26 0 -22 65 0 -29 28 0 -22
3 16 0 0 -22 65 0 -29 26 0 -22
3 16 34 0 -22 65 0 -29 36 0 -22
3 16 36 0 -22 65 0 -29 47 0 -22
3 16 47 0 -22 65 0 -29 55 0 -22
3 16 65 0 71 26 0 49 28 0 49
4 16 17 0 49 26 0 49 65 0 71 16 0 53
3 16 16 0 57 16 0 53 65 0 71
3 16 65 0 71 16 0 63 16 0 57
3 16 10 0 63 16 0 63 65 0 71
3 16 65 0 71 0 0 63 10 0 63
1 16 47 0 41 0 0 8 0 1 0 8 0 0 1-4ndis.dat
1 16 36 0 47 -2 0 0 0 1 0 0 0 2 1-4ndis.dat
1 16 26 0 47 0 0 2 0 1 0 2 0 0 1-4ndis.dat
1 16 36 0 -20 0 0 -2 0 1 0 -2 0 0 1-4ndis.dat
1 16 26 0 -20 2 0 0 0 1 0 0 0 -2 1-4ndis.dat
1 16 10 0 57 0 0 6 0 1 0 6 0 0 1-4ndis.dat
1 16 47 0 -14 8 0 0 0 1 0 0 0 -8 1-4ndis.dat
4 0 0 0 50 0 0 -22 26 0 -22 26 0 -20
4 0 28 0 -20 26 0 47 20 0 49 26 0 -20
3 0 26 0 49 20 0 49 26 0 47
3 0 26 0 -20 20 0 49 17 0 49
3 0 -26 0 -20 -17 0 49 -20 0 49
3 0 28 0 -20 28 0 47 26 0 47
4 0 6 0 54 10 0 63 4 0 63 0 0 54
3 0 10 0 57 10 0 63 6 0 54
3 0 6 0 54 9 0 54 10 0 57
3 0 0 0 54 4 0 63 0 0 63
4 0 9 0 50 0 0 50 26 0 -20 17 0 49
4 0 16 0 53 9 0 54 9 0 50 17 0 49
4 0 9 0 54 16 0 53 16 0 57 10 0 57
4 0 55 0 -14 55 0 41 47 0 41 47 0 -14
3 0 47 0 49 36 0 49 47 0 41
4 0 36 0 -22 47 0 -22 47 0 -14 36 0 -20
4 0 34 0 -20 36 0 -20 47 0 -14 34 0 47
4 0 47 0 -14 47 0 41 36 0 49 36 0 47
3 0 34 0 47 47 0 -14 36 0 47
1 0 47 0 41 0 0 8 0 1 0 8 0 0 1-4disc.dat
1 0 36 0 47 -2 0 0 0 1 0 0 0 2 1-4disc.dat
1 0 26 0 47 0 0 2 0 1 0 2 0 0 1-4disc.dat
1 0 36 0 -20 0 0 -2 0 1 0 -2 0 0 1-4disc.dat
1 0 26 0 -20 2 0 0 0 1 0 0 0 -2 1-4disc.dat
1 0 10 0 57 0 0 6 0 1 0 6 0 0 1-4disc.dat
1 0 47 0 -14 8 0 0 0 1 0 0 0 -8 1-4disc.dat
1 16 -65 0 71 0 0 -15 0 1 0 15 0 0 1-4ndis.dat
1 0 -65 0 -29 -15 0 0 0 1 0 0 0 -15 1-4disc.dat
1 16 -65 0 -29 -15 0 0 0 1 0 0 0 -15 1-4ndis.dat
1 0 65 0 -29 0 0 15 0 1 0 -15 0 0 1-4disc.dat
1 16 45 0 -72 3 0 0 0 1 0 0 0 3 4-4disc.dat
1 0 45 0 -72 3 0 0 0 1 0 0 0 3 4-4ndis.dat
1 16 34 0 -72 0 0 25 0 1 0 -25 0 0 2-4ndis.dat
1 16 34 0 -72 0 0 -25 0 1 0 25 0 0 3-16ndis.dat
1 16 34 0 -72 0 0 -25 0 1 0 -25 0 0 3-16ndis.dat
1 0 34 0 -72 23.097 0 -9.56709 0 1 0 -9.56709 0 -23.097 3-8disc.dat
1 0 34 0 -72 23.097 0 -9.56709 0 1 0 9.56709 0 23.097 3-8disc.dat
1 0 34 0 -72 23.097 0 9.56709 0 1 0 -9.56709 0 23.097 1-8chrd.dat
1 16 65 0 -29 0 0 15 0 1 0 -15 0 0 1-4ndis.dat
3 0 42 0 -69 57.097 0 -62.4329 34 0 -72
3 0 48 0 -69 57.097 0 -62.4329 42 0 -69
4 0 57.097 0 -62.4329 48 0 -69 48 0 -75 57.097 0 -81.5671
3 0 48 0 -75 42 0 -75 57.097 0 -81.5671
3 0 57.097 0 -81.5671 42 0 -75 34 0 -72
3 0 34 0 -72 42 0 -75 42 0 -69
