0 ~Wheel 30 x 64 with 7 Pin Holes and 6 Small Holes - Filler for 7 Pin Holes
0 Name: s\11094s01.dat
0 Author: Massimo Maso [Sirio]
0 !LDRAW_ORG Unofficial_Subpart
0 !LICENSE Redistributable under CCAL version 2.0 : see CAreadme.txt

0 BFC CERTIFY CCW

0 // ering
1 16 0 0 0 30 0 0 0 0 -30 0 1 0 4-4ering.dat
0 // Faces
3 16 -2.8596 -11.8421 0 0 -9 0 2.8596 -11.8421 0
3 16 0 -9 0 -2.8596 -11.8421 0 -3.4443 -8.3151 0
3 16 -3.4443 -8.3151 0 -2.8596 -11.8421 0 -5.5 -9.5268 0
3 16 -3.4443 -8.3151 0 -5.5 -9.5268 0 -6.3639 -6.3639 0
3 16 -6.3639 -6.3639 0 -5.5 -9.5268 0 -8.8253 -8.3978 0
4 16 -11.6849 -3.4443 0 -8.3151 -3.4443 0 -6.3639 -6.3639 0 -8.8253 -8.3978 0
3 16 2.8596 -11.8421 0 0 -9 0 3.4443 -8.3151 0
3 16 2.8596 -11.8421 0 3.4443 -8.3151 0 5.5 -9.5268 0
3 16 5.5 -9.5268 0 3.4443 -8.3151 0 6.3639 -6.3639 0
3 16 5.5 -9.5268 0 6.3639 -6.3639 0 8.8253 -8.3978 0
3 16 2.8596 11.8421 0 0 9 0 -2.8596 11.8421 0
3 16 -2.8596 11.8421 0 0 9 0 -3.4443 8.3151 0
3 16 -3.4443 8.3151 0 -5.5 9.5268 0 -2.8596 11.8421 0
3 16 -5.5 9.5268 0 -3.4443 8.3151 0 -6.3639 6.3639 0
3 16 -6.3639 6.3639 0 -8.8253 8.3978 0 -5.5 9.5268 0
4 16 -11.6849 3.4443 0 -8.8253 8.3978 0 -6.3639 6.3639 0 -8.3151 3.4443 0
3 16 0 9 0 2.8596 11.8421 0 3.4443 8.3151 0
3 16 3.4443 8.3151 0 2.8596 11.8421 0 5.5 9.5268 0
3 16 6.3639 6.3639 0 3.4443 8.3151 0 5.5 9.5268 0
3 16 6.3639 6.3639 0 5.5 9.5268 0 8.8253 8.3978 0
4 16 11.6849 3.4443 0 8.3151 3.4443 0 6.3639 6.3639 0 8.8253 8.3978 0
4 16 6.3639 -6.3639 0 8.3151 -3.4443 0 11.6849 -3.4443 0 8.8253 -8.3978 0
4 16 -7.6706 -26.0143 0 -4.5211 -24.4614 0 4.5211 -24.4614 0 7.6706 -26.0143 0
4 16 4.5211 -24.4614 0 -4.5211 -24.4614 0 -2.2058 -21.821 0 2.2058 -21.821 0
4 16 2.2058 -21.821 0 -2.2058 -21.821 0 -1.0768 -18.4957 0 1.0768 -18.4957 0
4 16 -1.0768 -18.4957 0 -1.3067 -14.9916 0 1.3067 -14.9916 0 1.0768 -18.4957 0
4 16 -1.3067 -14.9916 0 -2.8596 -11.8421 0 2.8596 -11.8421 0 1.3067 -14.9916 0
4 16 -2.8596 11.8421 0 -1.3067 14.9916 0 1.3067 14.9916 0 2.8596 11.8421 0
4 16 1.3067 14.9916 0 -1.3067 14.9916 0 -1.0768 18.4957 0 1.0768 18.4957 0
4 16 -1.0768 18.4957 0 -2.2058 21.821 0 2.2058 21.821 0 1.0768 18.4957 0
4 16 -2.2058 21.821 0 -4.5211 24.4614 0 4.5211 24.4614 0 2.2058 21.821 0
4 16 -4.5211 24.4614 0 -7.6706 26.0143 0 7.6706 26.0143 0 4.5211 24.4614 0
4 16 -8.8253 -8.3978 0 -12.3294 -8.6277 0 -13.6361 -6.3639 0 -11.6849 -3.4443 0
4 16 -13.6361 -6.3639 0 -12.3294 -8.6277 0 -15.4789 -10.1806 0 -16.5557 -8.3151 0
4 16 -16.5557 -8.3151 0 -15.4789 -10.1806 0 -17.7942 -12.821 0 -20 -9 0
4 16 -20 -9 0 -17.7942 -12.821 0 -18.9232 -16.1463 0 -23.4443 -8.3151 0
4 16 -23.4443 -8.3151 0 -18.9232 -16.1463 0 -18.6933 -19.6504 0 -26.3639 -6.3639 0
4 16 8.8253 -8.3978 0 11.6849 -3.4443 0 13.6361 -6.3639 0 12.3294 -8.6277 0
4 16 16.5557 -8.3151 0 15.4789 -10.1806 0 12.3294 -8.6277 0 13.6361 -6.3639 0
4 16 15.4789 -10.1806 0 16.5557 -8.3151 0 20 -9 0 17.7942 -12.821 0
4 16 17.7942 -12.821 0 20 -9 0 23.4443 -8.3151 0 18.9232 -16.1463 0
4 16 18.9232 -16.1463 0 23.4443 -8.3151 0 26.3639 -6.3639 0 18.6933 -19.6504 0
4 16 -11.6849 3.4443 0 -13.6361 6.3639 0 -12.3294 8.6277 0 -8.8253 8.3978 0
4 16 -13.6361 6.3639 0 -16.5557 8.3151 0 -15.4789 10.1806 0 -12.3294 8.6277 0
4 16 -15.4789 10.1806 0 -16.5557 8.3151 0 -20 9 0 -17.7942 12.821 0
4 16 -17.7942 12.821 0 -20 9 0 -23.4443 8.3151 0 -18.9232 16.1463 0
4 16 -23.4443 8.3151 0 -26.3639 6.3639 0 -18.6933 19.6504 0 -18.9232 16.1463 0
4 16 11.6849 3.4443 0 8.8253 8.3978 0 12.3294 8.6277 0 13.6361 6.3639 0
4 16 13.6361 6.3639 0 12.3294 8.6277 0 15.4789 10.1806 0 16.5557 8.3151 0
4 16 16.5557 8.3151 0 15.4789 10.1806 0 17.7942 12.821 0 20 9 0
4 16 20 9 0 17.7942 12.821 0 18.9232 16.1463 0 23.4443 8.3151 0
4 16 23.4443 8.3151 0 18.9232 16.1463 0 18.6933 19.6504 0 26.3639 6.3639 0
4 16 0 -30 0 -11.481 -27.717 0 -11.1747 -26.2442 0 -7.6706 -26.0143 0
3 16 0 -30 0 -7.6706 -26.0143 0 7.6706 -26.0143 0
4 16 0 -30 0 7.6706 -26.0143 0 11.1747 -26.2442 0 11.481 -27.717 0
3 16 -11.481 -27.717 0 -14.5 -25.1152 0 -11.1747 -26.2442 0
3 16 11.481 -27.717 0 11.1747 -26.2442 0 14.5 -25.1152 0
3 16 17.1404 -22.7999 0 21.213 -21.213 0 14.5 -25.1152 0
3 16 14.5 -25.1152 0 21.213 -21.213 0 11.481 -27.717 0
4 16 -7.6706 26.0143 0 -11.1747 26.2442 0 -11.481 27.717 0 0 30 0
4 16 7.6706 26.0143 0 0 30 0 11.481 27.717 0 11.1747 26.2442 0
3 16 -7.6706 26.0143 0 0 30 0 7.6706 26.0143 0
3 16 -14.5 25.1152 0 -11.481 27.717 0 -11.1747 26.2442 0
3 16 11.1747 26.2442 0 11.481 27.717 0 14.5 25.1152 0
3 16 -17.1404 22.7999 0 -21.213 21.213 0 -14.5 25.1152 0
3 16 -14.5 25.1152 0 -21.213 21.213 0 -11.481 27.717 0
3 16 21.213 21.213 0 17.1404 22.7999 0 14.5 25.1152 0
3 16 21.213 21.213 0 14.5 25.1152 0 11.481 27.717 0
3 16 21.213 -21.213 0 17.1404 -22.7999 0 18.6933 -19.6504 0
3 16 27.717 -11.481 0 26.3639 -6.3639 0 28.3151 -3.4443 0
4 16 21.213 -21.213 0 18.6933 -19.6504 0 26.3639 -6.3639 0 27.717 -11.481 0
3 16 -21.213 -21.213 0 -18.6933 -19.6504 0 -17.1404 -22.7999 0
3 16 -27.717 -11.481 0 -28.3151 -3.4443 0 -26.3639 -6.3639 0
4 16 -21.213 -21.213 0 -27.717 -11.481 0 -26.3639 -6.3639 0 -18.6933 -19.6504 0
3 16 -28.3151 3.4443 0 -27.717 11.481 0 -26.3639 6.3639 0
3 16 -21.213 21.213 0 -17.1404 22.7999 0 -18.6933 19.6504 0
4 16 -26.3639 6.3639 0 -27.717 11.481 0 -21.213 21.213 0 -18.6933 19.6504 0
3 16 28.3151 3.4443 0 26.3639 6.3639 0 27.717 11.481 0
3 16 18.6933 19.6504 0 17.1404 22.7999 0 21.213 21.213 0
4 16 26.3639 6.3639 0 18.6933 19.6504 0 21.213 21.213 0 27.717 11.481 0
3 16 -21.213 -21.213 0 -17.1404 -22.7999 0 -14.5 -25.1152 0
3 16 -21.213 -21.213 0 -14.5 -25.1152 0 -11.481 -27.717 0
4 16 -11.6849 -3.4443 0 -11 0 0 -9 0 0 -8.3151 -3.4443 0
4 16 -11 0 0 -11.6849 3.4443 0 -8.3151 3.4443 0 -9 0 0
4 16 8.3151 -3.4443 0 9 0 0 11 0 0 11.6849 -3.4443 0
4 16 9 0 0 8.3151 3.4443 0 11.6849 3.4443 0 11 0 0
4 16 -27.717 -11.481 0 -30 0 0 -29 0 0 -28.3151 -3.4443 0
4 16 -30 0 0 -27.717 11.481 0 -28.3151 3.4443 0 -29 0 0
4 16 27.717 -11.481 0 28.3151 -3.4443 0 29 0 0 30 0 0
4 16 29 0 0 28.3151 3.4443 0 27.717 11.481 0 30 0 0
