0 ~Train Front  6 x 14 x  7.333 - Half
0 Name: s\15536s01.dat
0 Author: Ulrich Röder [UR]
0 !LDRAW_ORG Unofficial_Subpart
0 !LICENSE Redistributable under CCAL version 2.0 : see CAreadme.txt

0 BFC CERTIFY CCW


0 // Main

1 16 20 4 0 1 0 0 0 -5 0 0 0 1 stud3.dat
1 16 53.5 18 -17 1.5 0 1.5 0 37.5 0 -1.5 0 1.5 tri3a4.dat
1 16 55.5 18 -17 -.5 0 0 0 37.5 0 0 0 -1.5 box3u4p.dat
1 16 53.5 18 -7 1.5 0 1.5 0 37.5 0 -1.5 0 1.5 tri3a4.dat
1 16 55.5 18 -7 -.5 0 0 0 37.5 0 0 0 -1.5 box3u4p.dat
1 16 46.5 11 -7 -1.5 0 -1.5 0 44.5 0 1.5 0 -1.5 tri3a4.dat
1 16 44.5 11 -7 .5 0 0 0 44.5 0 0 0 1.5 box3u4p.dat
1 16 46.5 11 -17 -1.5 0 -1.5 0 44.5 0 1.5 0 -1.5 tri3a4.dat
1 16 44.5 11 -17 .5 0 0 0 44.5 0 0 0 1.5 box3u4p.dat
1 16 50 15 -28 1 0 0 0 40.5 0 0 0 2 box5.dat
1 16 5 142 -243.5 -1.5 0 1.5 0 33.5 0 -1.5 0 -1.5 tri3a4.dat
1 16 5 142 -245.5 0 0 -1.5 0 33.5 0 .5 0 0 box3u4p.dat
1 16 5 132 -236.5 1.5 0 -1.5 0 43.5 0 1.5 0 1.5 tri3a4.dat
1 16 5 132 -234.5 0 0 1.5 0 43.5 0 -.5 0 0 box3u4p.dat
1 16 38 4 0 0 0 -2 0 19.5 0 1 0 0 box5.dat
3 16 7.234 163.564 -264.63 16 149.905 -250 16 159.538 -258.906
3 16 0 164.696 -266.25 0 145.35 -250 7.234 163.564 -264.63
3 16 16 149.905 -250 7.234 163.564 -264.63 0 145.35 -250
4 16 16 176 -258.906 16 159.538 -258.906 16 149.905 -250 16 176 -250
4 16 16 149.905 -250 0 145.35 -250 0 176 -250 16 176 -250
4 16 7.232 176 -264.686 7.234 163.564 -264.63 16 159.538 -258.906 16 176 -258.906
4 16 7.234 163.564 -264.63 7.232 176 -264.686 0 176 -266.25 0 164.696 -266.25
4 16 60 56 10 40 24 10 40 0 10 60 19.17 10
3 16 60 56 10 40 56 10 40 24 10
3 16 20 176 -254.99 20 176 -230 20 156.813 -254.99
4 16 20 130.676 -230 20 143.918 -242.776 20 156.813 -254.99 20 176 -230
3 16 20 176 -254.99 20 156.813 -254.99 24.963 176 -248.55
3 16 20 156.813 -254.99 27.094 150.191 -245.351 24.963 176 -248.55
3 16 27.094 150.191 -245.351 38.387 176 -221.062 24.963 176 -248.55
3 16 27.094 150.191 -245.351 38.994 132.72 -219.69 38.387 176 -221.062
3 16 38.994 132.72 -219.69 52.233 176 -162.398 38.387 176 -221.062
3 16 38.994 132.72 -219.69 47.294 113.992 -191.901 52.233 176 -162.398
3 16 47.294 113.992 -191.901 52.056 103.87 -166.9 52.233 176 -162.398
3 16 52.056 103.87 -166.9 54.587 103.87 -144.722 52.233 176 -162.398
3 16 56.25 103.87 -102.5 56.25 176 -102.5 54.587 103.87 -144.722
3 16 56.25 176 -102.5 52.233 176 -162.398 54.587 103.87 -144.722
3 16 47.294 113.992 -191.901 50.78 102.7 -175.009 52.056 103.87 -166.9
3 16 50.78 102.7 -175.009 54.977 79.475 -139.79 52.056 103.87 -166.9
3 16 54.977 79.475 -139.79 55.234 83.744 -136.048 52.056 103.87 -166.9
3 16 56.25 47.805 -88.92 56.25 55.93 -91.544 54.977 79.475 -139.79
3 16 54.977 79.475 -139.79 56.25 55.93 -91.544 55.234 83.744 -136.048
3 16 15.231 128.256 -230 25.766 108.491 -204.18 20 130.676 -230
3 16 20 130.676 -230 25.766 108.491 -204.18 25.584 125.95 -221.894
3 16 25.766 108.491 -204.18 30.75 109.429 -201.479 25.584 125.95 -221.894
3 16 25.766 108.491 -204.18 32.093 89.684 -178.659 30.75 109.429 -201.479
3 16 32.093 89.684 -178.659 46.303 112.384 -191.153 30.75 109.429 -201.479
3 16 47.294 113.992 -191.901 46.303 112.384 -191.153 50.78 102.7 -175.009
3 16 32.093 89.684 -178.659 50.78 102.7 -175.009 46.303 112.384 -191.153
3 16 47.294 113.992 -191.901 38.994 132.72 -219.69 46.303 112.384 -191.153
3 16 38.994 132.72 -219.69 35.707 135.851 -225.653 46.303 112.384 -191.153
3 16 38.994 132.72 -219.69 28.679 145.908 -240.288 35.707 135.851 -225.653
3 16 38.994 132.72 -219.69 27.094 150.191 -245.351 28.679 145.908 -240.288
3 16 27.094 150.191 -245.351 20.154 144.598 -243.355 28.679 145.908 -240.288
3 16 27.094 150.191 -245.351 20 156.813 -254.99 20.154 144.598 -243.355
3 16 20 156.813 -254.99 20 143.918 -242.776 20.154 144.598 -243.355
3 16 20 143.918 -242.776 25.584 125.95 -221.894 20.154 144.598 -243.355
3 16 20 143.918 -242.776 20 130.676 -230 25.584 125.95 -221.894
3 16 32.093 89.684 -178.659 36.853 65.694 -144.496 50.78 102.7 -175.009
3 16 36.853 65.694 -144.496 54.977 79.475 -139.79 50.78 102.7 -175.009
3 16 38.617 31.884 -91.434 56.25 47.805 -88.92 36.853 65.694 -144.496
3 16 36.853 65.694 -144.496 56.25 47.805 -88.92 54.977 79.475 -139.79
3 16 38.499 8.38 -42.897 56.25 28.216 -49.101 38.584 20.864 -71.516
3 16 56.25 28.216 -49.101 56.25 47.805 -88.92 38.584 20.864 -71.516
3 16 38.584 20.864 -71.516 56.25 47.805 -88.92 38.617 31.884 -91.434
3 16 38.499 8.38 -42.897 40 7.331 -33.325 56.25 28.216 -49.101
3 16 38.499 8.38 -42.897 38.493 4 -10 40 7.331 -33.325
3 16 40 7.331 -33.325 38.493 4 -10 40 5.195 -10
3 16 40 7.331 -33.325 56.25 23.307 -33.325 56.25 28.216 -49.101
4 16 7.232 176 -264.686 8.705 176 -268.069 0 176 -270 0 176 -266.25
4 16 7.232 176 -264.686 16 176 -258.906 19.253 176 -261.228 8.705 176 -268.069
4 16 16 176 -250 20 176 -254.99 19.253 176 -261.228 16 176 -258.906
4 16 24.963 176 -248.55 29.609 176 -248.369 19.253 176 -261.228 20 176 -254.99
4 16 24.963 176 -248.55 38.387 176 -221.062 43.988 176 -217.789 29.609 176 -248.369
4 16 55.642 176 -168.29 43.988 176 -217.789 38.387 176 -221.062 52.233 176 -162.398
4 16 56.25 176 -102.5 60 176 -102.5 55.642 176 -168.29 52.233 176 -162.398
4 16 60 176 -70 60 176 -102.5 56.25 176 -102.5 56.25 176 -70
4 16 40 128 -33.325 56.25 128 -33.325 56.25 23.307 -33.325 40 7.331 -33.325
4 16 40 128 -30 40 128 -33.325 40 7.331 -33.325 40 56 -30
4 16 56.25 55.93 -91.544 56.25 47.805 -88.92 56.25 28.216 -49.101 56.25 55.93 -49.8
4 16 56.25 28.216 -49.101 56.25 23.307 -33.325 56.25 128 -33.325 56.25 55.93 -49.8
4 16 56.25 103.87 -90.026 56.25 55.93 -49.8 56.25 128 -33.325 56.25 128 -70
3 16 56.25 176 -102.5 56.25 103.87 -102.5 56.25 103.87 -90.026
4 16 56.25 103.87 -90.026 56.25 128 -70 56.25 176 -70 56.25 176 -102.5
4 16 40 128 -33.325 40 128 -30 60 128 -30 56.25 128 -33.325
4 16 56.25 128 -70 56.25 128 -33.325 60 128 -30 60 128 -70
4 16 56.25 128 -70 60 128 -70 60 176 -70 56.25 176 -70
3 16 38.584 20.864 -71.516 37.263 21.011 -71.8 38.499 8.38 -42.897
4 16 37.174 32.057 -91.73 37.263 21.011 -71.8 38.584 20.864 -71.516 38.617 31.884 -91.434
3 16 35.172 68.563 -148.694 37.174 32.057 -91.73 36.853 65.694 -144.496
3 16 36.853 65.694 -144.496 37.174 32.057 -91.73 38.617 31.884 -91.434
3 16 36.853 65.694 -144.496 32.093 89.684 -178.659 35.172 68.563 -148.694
3 16 32.093 89.684 -178.659 25.934 103.159 -197.043 35.172 68.563 -148.694
3 16 32.093 89.684 -178.659 25.766 108.491 -204.18 25.934 103.159 -197.043
3 16 25.766 108.491 -204.18 13.42 106.777 -201.893 25.934 103.159 -197.043
3 16 15.231 128.256 -230 13.42 106.777 -201.893 25.766 108.491 -204.18
4 16 60 103.87 -102.5 55.845 103.87 -166.9 55.642 176 -168.29 60 176 -102.5
3 16 55.642 176 -168.29 55.845 103.87 -166.9 53.731 103.421 -179.862
3 16 53.731 103.421 -179.862 55.845 103.87 -166.9 58.365 80.316 -144.554
3 16 58.885 83.62 -135.811 58.365 80.316 -144.554 55.845 103.87 -166.9
3 16 53.731 103.421 -179.862 43.253 129.917 -219.871 55.642 176 -168.29
3 16 43.253 129.917 -219.871 43.988 176 -217.789 55.642 176 -168.29
3 16 43.253 129.917 -219.871 28.831 149.679 -249.539 43.988 176 -217.789
3 16 28.831 149.679 -249.539 29.609 176 -248.369 43.988 176 -217.789
4 16 19.253 176 -261.228 29.609 176 -248.369 28.831 149.679 -249.539 19.179 157.53 -261.3
4 16 8.705 176 -268.069 19.253 176 -261.228 19.179 157.53 -261.3 8.723 162.045 -268.061
4 16 0 176 -270 8.705 176 -268.069 8.723 162.045 -268.061 0 163.341 -270
3 16 58.885 83.62 -135.811 60 53.78 -102.5 58.365 80.316 -144.554
3 16 58.885 83.62 -135.811 60 62.552 -102.5 60 53.78 -102.5
4 16 60 128 -70 60 103.87 -90.026 60 103.87 -102.5 60 176 -102.5
3 16 60 176 -102.5 60 176 -70 60 128 -70
4 16 60 103.87 -90.026 60 128 -70 60 128 -30 60 55.93 -49.8
3 16 60 128 -30 60 56 -30 60 55.93 -49.8
4 16 60 21.001 -24.599 60 56 -30 60 56 10 60 19.17 10
4 16 60 56 -30 60 21.001 -24.599 60 34.184 -66.991 60 55.93 -49.8
4 16 60 53.78 -102.5 60 55.93 -91.544 60 55.93 -49.8 60 34.184 -66.991
3 16 60 53.78 -102.5 60 62.552 -102.5 60 55.93 -91.544
4 16 56.25 103.87 -90.026 60 103.87 -90.026 60 55.93 -49.8 56.25 55.93 -49.8
4 16 60 103.87 -90.026 56.25 103.87 -90.026 56.25 103.87 -102.5 60 103.87 -102.5
4 16 55.845 103.87 -166.9 60 103.87 -102.5 56.25 103.87 -102.5 54.587 103.87 -144.722
3 16 54.587 103.87 -144.722 52.056 103.87 -166.9 55.845 103.87 -166.9
4 16 56.25 55.93 -91.544 56.25 55.93 -49.8 60 55.93 -49.8 60 55.93 -91.544
3 16 55.234 83.744 -136.048 56.25 55.93 -91.544 58.885 83.62 -135.811
3 16 60 55.93 -91.544 60 62.552 -102.5 56.25 55.93 -91.544
3 16 58.885 83.62 -135.811 56.25 55.93 -91.544 60 62.552 -102.5
4 16 55.845 103.87 -166.9 52.056 103.87 -166.9 55.234 83.744 -136.048 58.885 83.62 -135.811
4 16 37.263 16.791 -71.8 37.263 21.011 -71.8 37.174 32.057 -91.73 37.174 27.721 -91.734
4 16 37.174 27.721 -91.734 37.174 32.057 -91.73 35.172 68.563 -148.694 35.166 64.056 -148.75
4 16 25.934 103.159 -197.043 25.934 98.489 -197.043 35.166 64.056 -148.75 35.172 68.563 -148.694
3 16 35.707 135.851 -225.653 36.466 128.776 -223.77 46.303 112.384 -191.153
3 16 46.303 112.384 -191.153 36.466 128.776 -223.77 46.303 106.511 -191.153
3 16 35.707 135.851 -225.653 28.679 140.171 -240.288 36.466 128.776 -223.77
3 16 35.707 135.851 -225.653 28.679 145.908 -240.288 28.679 140.171 -240.288
4 16 30.75 103.613 -201.479 30.75 109.429 -201.479 46.303 112.384 -191.153 46.303 106.511 -191.153
4 16 20.154 138.879 -243.355 28.679 140.171 -240.288 28.679 145.908 -240.288 20.154 144.598 -243.355
4 16 25.596 120.16 -221.849 20.154 138.879 -243.355 20.154 144.598 -243.355 25.584 125.95 -221.894
4 16 30.75 103.613 -201.479 25.596 120.16 -221.849 25.584 125.95 -221.894 30.75 109.429 -201.479
3 16 25.934 98.489 -197.043 25.934 103.159 -197.043 15.081 101.765 -201.451
3 16 25.934 103.159 -197.043 13.42 106.777 -201.893 15.081 101.765 -201.451
3 16 15.081 101.765 -201.451 13.42 106.777 -201.893 0 103.306 -203.514
3 16 0 107.991 -203.514 0 103.306 -203.514 13.42 106.777 -201.893
4 16 12.075 130.244 -238.613 0 103.306 -203.514 0 139.294 -250 3.54 138.009 -248.396
4 16 26.567 105.777 -206.81 15.081 101.765 -201.451 0 103.306 -203.514 12.075 130.244 -238.613
3 16 26.567 105.777 -206.81 25.934 98.489 -197.043 15.081 101.765 -201.451
3 16 26.567 105.777 -206.81 30.006 96.854 -194.831 25.934 98.489 -197.043
3 16 35.166 64.056 -148.75 25.934 98.489 -197.043 37.167 68.686 -155.481
3 16 30.006 96.854 -194.831 37.167 68.686 -155.481 25.934 98.489 -197.043
3 16 37.174 27.721 -91.734 35.166 64.056 -148.75 39.603 43.429 -117.213
3 16 39.603 43.429 -117.213 35.166 64.056 -148.75 37.167 68.686 -155.481
3 16 39.603 43.429 -117.213 40 20.195 -78.278 37.174 27.721 -91.734
3 16 40 20.195 -78.278 37.263 16.791 -71.8 37.174 27.721 -91.734
3 16 40 20.195 -78.278 40 3.563 -38.041 37.263 16.791 -71.8
3 16 3.54 138.009 -248.396 0 139.294 -250 8.723 162.045 -268.061
3 16 8.723 162.045 -268.061 0 139.294 -250 0 163.341 -270
3 16 19.179 157.53 -261.3 3.54 138.009 -248.396 8.723 162.045 -268.061
3 16 19.179 157.53 -261.3 12.075 130.244 -238.613 3.54 138.009 -248.396
3 16 19.179 157.53 -261.3 20.154 138.879 -243.355 12.075 130.244 -238.613
3 16 20.154 138.879 -243.355 25.596 120.16 -221.849 12.075 130.244 -238.613
3 16 25.596 120.16 -221.849 26.567 105.777 -206.81 12.075 130.244 -238.613
3 16 25.596 120.16 -221.849 30.75 103.613 -201.479 26.567 105.777 -206.81
3 16 30.75 103.613 -201.479 30.006 96.854 -194.831 26.567 105.777 -206.81
3 16 30.75 103.613 -201.479 46.303 106.511 -191.153 30.006 96.854 -194.831
3 16 58.365 80.316 -144.554 37.167 68.686 -155.481 53.731 103.421 -179.862
3 16 30.006 96.854 -194.831 46.303 106.511 -191.153 37.167 68.686 -155.481
3 16 46.303 106.511 -191.153 53.731 103.421 -179.862 37.167 68.686 -155.481
3 16 53.731 103.421 -179.862 46.303 106.511 -191.153 43.253 129.917 -219.871
3 16 36.466 128.776 -223.77 43.253 129.917 -219.871 46.303 106.511 -191.153
3 16 36.466 128.776 -223.77 28.679 140.171 -240.288 43.253 129.917 -219.871
3 16 28.679 140.171 -240.288 28.831 149.679 -249.539 43.253 129.917 -219.871
3 16 28.679 140.171 -240.288 20.154 138.879 -243.355 28.831 149.679 -249.539
3 16 20.154 138.879 -243.355 19.179 157.53 -261.3 28.831 149.679 -249.539
3 16 58.365 80.316 -144.554 39.603 43.429 -117.213 37.167 68.686 -155.481
3 16 58.365 80.316 -144.554 60 53.78 -102.5 39.603 43.429 -117.213
3 16 60 34.184 -66.991 40 20.195 -78.278 60 53.78 -102.5
3 16 40 20.195 -78.278 39.603 43.429 -117.213 60 53.78 -102.5
3 16 60 21.001 -24.599 40 3.563 -38.041 60 34.184 -66.991
3 16 60 34.184 -66.991 40 3.563 -38.041 40 20.195 -78.278
3 16 60 21.001 -24.599 40 0 -10 40 3.563 -38.041
3 16 60 21.001 -24.599 60 19.17 10 40 0 -10
3 16 60 19.17 10 40 0 10 40 0 -10
4 16 60 56 -30 60 128 -30 40 128 -30 40 56 -30
3 16 38.492 4 -6 40 5.195 -6 40 24 -6
3 16 40 24 -10 40 5.195 -10 38.493 4 -10
4 16 44 56 6 40 56 10 60 56 10 56 56 6
4 16 40 56 10 44 56 6 44 56 -30 40 56 -30
4 16 60 56 10 60 56 -30 56 56 -30 56 56 6
4 16 44 11 6 44 56 6 56 56 6 56 22 6
4 16 56 56 -30 56 22 -30 56 22 6 56 56 6
4 16 44 11 6 44 11 -30 44 56 -30 44 56 6
4 16 44 11 -30 56 22 -30 56 56 -30 44 56 -30
3 16 16 176 -246 16 176 -234 20 176 -230
4 16 16 176 -246 16 145.889 -246 16 132.67 -234 16 176 -234
4 16 13.42 106.777 -201.893 15.231 128.256 -230 0 128.256 -230 0 107.991 -203.514
4 16 47.275 28.861 -33.325 47.524 14.611 -33.325 47.341 16.503 -39.744 47.275 20.195 -39.488
4 16 47.275 28.861 -33.325 47.275 20.195 -39.488 43.65 20.195 -39.488 43.65 28.861 -33.325
4 16 43.525 12.656 -39.976 43.65 20.195 -39.488 47.275 20.195 -39.488 47.341 16.503 -39.744
4 16 43.525 12.656 -39.976 43.329 10.476 -33.325 43.65 28.861 -33.325 43.65 20.195 -39.488
4 16 16 176 -246 20 176 -230 20 176 -254.99 16 176 -250
3 16 40 24 6 40 5.194 6 38.493 4 6
3 16 20 176 -230 15.231 128.256 -230 20 130.676 -230
4 16 40 56 10 40 56 -30 40 24 6 40 24 10
3 16 40 24 6 40 56 -30 40 24 -6
3 16 40 24 -6 40 56 -30 40 24 -10
4 16 40 5.195 -10 40 24 -10 40 56 -30 40 7.331 -33.325
4 16 56 22 -30 44 11 -30 44 11 6 56 22 6
4 16 40 5.194 6 40 5.195 -6 38.492 4 -6 38.493 4 6
4 16 40 24 6 40 24 -6 40 5.195 -6 40 5.194 6

0 // Edges/Intersections

2 24 56 55.5 -15.5 56 55.5 -18.5
2 24 56 55.5 -5.5 56 55.5 -8.5
2 24 44 55.5 -8.5 44 55.5 -5.5
2 24 44 55.5 -18.5 44 55.5 -15.5
2 24 6.5 175.5 -246 3.5 175.5 -246
2 24 3.5 175.5 -234 6.5 175.5 -234
2 24 45 11.916667 -18.5 44 11 -18.5
2 24 55 21.083333 -5.5 53.5 19.708333 -7
2 24 53.5 19.708333 -7 55 21.083333 -8.5
2 24 45 11.916667 -5.5 44 11 -5.5
2 24 45 11.916667 -8.5 44 11 -8.5
2 24 56 22 -18.5 55 21.083333 -18.5
2 24 56 22 -15.5 55 21.083333 -15.5
2 24 55 21.083333 -8.5 56 22 -8.5
2 24 56 22 -5.5 55 21.083333 -5.5
2 24 45 11.916667 -18.5 46.5 13.291667 -17
2 24 46.5 13.291667 -17 45 11.916667 -15.5
2 24 53.5 19.708333 -17 55 21.083333 -15.5
2 24 53.5 19.708333 -17 55 21.083333 -18.5
2 24 46.5 13.291667 -7 45 11.916667 -8.5
2 24 46.5 13.291667 -7 45 11.916667 -5.5
2 24 50.8 17.233333 -26 49.2 15.766667 -26
2 24 49.2 15.766667 -26 49.2 15.766667 -30
2 24 50.8 17.233333 -26 50.8 17.233333 -30
2 24 45 11.916667 -15.5 44 11 -15.5
2 24 40 5.194571 -1 38.492429 4 -1
2 24 40 5.194571 -1 40 5.194408 1
2 24 40 5.194408 1 38.492592 4 1
2 24 40 23.5 -1 40 23.5 1
2 24 40 5.194571 -1 40 23.5 -1
2 24 40 5.194408 1 40 23.5 1
2 24 3.5 144.787417 -245 3.5 145.889 -246
2 24 6.5 144.787417 -245 6.5 145.889 -246
2 24 5 143.135042 -243.5 6.5 144.787417 -245
2 24 5 143.135042 -243.5 3.5 144.787417 -245
2 24 5 135.423958 -236.5 3.5 133.771583 -235
2 24 5 135.423958 -236.5 6.5 133.771583 -235
2 24 6.5 133.771583 -235 6.5 132.67 -234
2 24 3.5 132.67 -234 3.5 133.771583 -235
2 24 46.650342 15.878224 -39.781357 43.526281 12.733252 -39.971
2 24 43.430255 11.739669 -36.655197 43.526281 12.733252 -39.971
2 24 47.521988 14.726156 -33.325 47.516543 14.778237 -33.509578
2 24 47.341 16.503 -39.744 46.650342 15.878224 -39.781357
2 24 43.334483 10.642017 -33.430274 43.331272 10.606101 -33.325
2 24 43.430255 11.739669 -36.655197 43.334483 10.642017 -33.430274
2 24 47.521988 14.726156 -33.325 47.275 28.861 -33.325
2 24 47.275 28.861 -33.325 43.65 28.861 -33.325
2 24 43.331272 10.606101 -33.325 43.65 28.861 -33.325
2 24 47.341 16.503 -39.744 47.516543 14.778237 -33.509578
2 24 47.341 16.503 -39.744 47.275 20.195 -39.488
2 24 47.275 20.195 -39.488 43.65 20.195 -39.488
2 24 47.275 20.195 -39.488 47.275 28.861 -33.325
2 24 43.525 12.656 -39.976 43.65 20.195 -39.488
2 24 43.65 20.195 -39.488 43.65 28.861 -33.325
2 24 39.603 43.429 -117.213 37.167 68.686 -155.481
2 24 58.365 80.316 -144.554 60 53.78 -102.5
2 24 60 62.552 -102.5 60 55.93 -91.544
2 24 60 128 -70 60 176 -70
2 24 40 128 -33.325 56.25 128 -33.325
2 24 20 143.918 -242.776 20 156.813 -254.99
2 24 16 176 -250 16 149.905 -250
2 24 58.885 83.62 -135.811 60 62.552 -102.5
2 24 52.056 103.87 -166.9 54.587 103.87 -144.722
2 24 40 7.331 -33.325 56.25 23.307 -33.325
2 24 44 11 6 44 11 -30
2 24 25.934 103.159 -197.043 35.172 68.563 -148.694
2 24 24.963 176 -248.55 20 176 -254.99
2 24 60 103.87 -102.5 55.845 103.87 -166.9
2 24 56.25 103.87 -102.5 56.25 103.87 -90.026
2 24 20 156.813 -254.99 27.094 150.191 -245.351
2 24 44 11 -30 56 22 -30
2 24 56 22 6 44 11 6
2 24 56.25 28.216 -49.101 56.25 47.805 -88.92
2 24 36.466 128.776 -223.77 46.303 106.511 -191.153
2 24 35.707 135.851 -225.653 46.303 112.384 -191.153
2 24 60 19.17 10 40 0 10
2 24 60 128 -30 40 128 -30
2 24 40 5.194 6 38.493 4 6
2 24 40 56 10 40 24 10
2 24 44 56 6 44 56 -30
2 24 56.25 103.87 -90.026 56.25 55.93 -49.8
2 24 56.25 55.93 -91.544 55.234 83.744 -136.048
2 24 30.75 103.613 -201.479 25.596 120.16 -221.849
2 24 56.25 55.93 -49.8 56.25 55.93 -91.544
2 24 0 107.991 -203.514 13.42 106.777 -201.893
2 24 37.174 32.057 -91.73 37.263 21.011 -71.8
2 24 35.707 135.851 -225.653 28.679 140.171 -240.288
2 24 28.679 140.171 -240.288 36.466 128.776 -223.77
2 24 16 176 -246 16 145.889 -246
2 24 26.567 105.777 -206.81 30.006 96.854 -194.831
2 24 56 56 6 56 22 6
2 24 60 103.87 -90.026 60 103.87 -102.5
2 24 38.994 132.72 -219.69 47.294 113.992 -191.901
2 24 20 176 -230 20 176 -254.99
2 24 25.584 125.95 -221.894 20.154 144.598 -243.355
2 24 60 55.93 -49.8 60 103.87 -90.026
2 24 3.54 138.009 -248.396 12.075 130.244 -238.613
2 24 40 56 10 60 56 10
2 24 47.294 113.992 -191.901 50.78 102.7 -175.009
2 24 37.263 21.011 -71.8 37.263 16.791 -71.8
2 24 29.609 176 -248.369 19.253 176 -261.228
2 24 20.154 144.598 -243.355 28.679 145.908 -240.288
2 24 56.25 128 -33.325 56.25 128 -70
2 24 43.253 129.917 -219.871 28.831 149.679 -249.539
2 24 40 128 -30 40 128 -33.325
2 24 58.365 80.316 -144.554 53.731 103.421 -179.862
2 24 40 128 -30 40 56 -30
2 24 37.174 27.721 -91.734 37.263 16.791 -71.8
2 24 40 7.331 -33.325 40 5.195 -10
2 24 54.977 79.475 -139.79 56.25 47.805 -88.92
2 24 40 5.194 6 40 5.195 -6
2 24 8.705 176 -268.069 0 176 -270
2 24 40 56 -30 40 56 10
2 24 60 56 10 60 56 -30
2 24 55.234 83.744 -136.048 52.056 103.87 -166.9
2 24 20 156.813 -254.99 20.154 144.598 -243.355
2 24 38.387 176 -221.062 24.963 176 -248.55
2 24 28.831 149.679 -249.539 19.179 157.53 -261.3
2 24 38.492 4 -6 40 5.195 -6
2 24 40 0 -10 40 3.563 -38.041
2 24 40 5.195 -10 38.493 4 -10
2 24 16 149.905 -250 0 145.35 -250
2 24 12.075 130.244 -238.613 26.567 105.777 -206.81
2 24 56.25 176 -102.5 52.233 176 -162.398
2 24 16 176 -250 16 176 -258.906
2 24 56.25 176 -102.5 56.25 176 -70
2 24 13.42 106.777 -201.893 25.934 103.159 -197.043
2 24 15.081 101.765 -201.451 25.934 98.489 -197.043
2 24 54.587 103.87 -144.722 56.25 103.87 -102.5
2 24 60 176 -102.5 55.642 176 -168.29
2 24 15.231 128.256 -230 20 130.676 -230
2 24 38.994 132.72 -219.69 28.679 145.908 -240.288
2 24 16 149.905 -250 16 159.538 -258.906
2 24 60 53.78 -102.5 60 34.184 -66.991
2 24 40 20.195 -78.278 39.603 43.429 -117.213
2 24 20.154 144.598 -243.355 20.154 138.879 -243.355
2 24 20.154 138.879 -243.355 28.679 140.171 -240.288
2 24 16 176 -246 16 176 -234
2 24 7.234 163.564 -264.63 0 164.696 -266.25
2 24 56.25 128 -33.325 56.25 23.307 -33.325
2 24 40 24 10 40 24 6
2 24 30.006 96.854 -194.831 37.167 68.686 -155.481
2 24 35.166 64.056 -148.75 37.174 27.721 -91.734
2 24 20 176 -230 20 130.676 -230
2 24 40 5.195 -6 40 24 -6
2 24 56 22 -30 56 22 6
2 24 16 176 -258.906 7.232 176 -264.686
2 24 19.253 176 -261.228 8.705 176 -268.069
2 24 35.172 68.563 -148.694 37.174 32.057 -91.73
2 24 30.75 103.613 -201.479 30.75 109.429 -201.479
2 24 46.303 106.511 -191.153 46.303 112.384 -191.153
2 24 53.731 103.421 -179.862 43.253 129.917 -219.871
2 24 40 3.563 -38.041 40 20.195 -78.278
2 24 56 56 6 44 56 6
2 24 44 11 6 44 56 6
2 24 56.25 128 -70 56.25 176 -70
2 24 43.988 176 -217.789 29.609 176 -248.369
2 24 27.094 150.191 -245.351 38.994 132.72 -219.69
2 24 60 19.17 10 60 56 10
2 24 16 132.67 -234 16 176 -234
2 24 60 55.93 -91.544 60 55.93 -49.8
2 24 60 128 -30 60 128 -70
2 24 50.78 102.7 -175.009 54.977 79.475 -139.79
2 24 28.679 145.908 -240.288 35.707 135.851 -225.653
2 24 55.845 103.87 -166.9 58.885 83.62 -135.811
2 24 0 139.294 -250 3.54 138.009 -248.396
2 24 46.303 106.511 -191.153 30.75 103.613 -201.479
2 24 60 34.184 -66.991 60 21.001 -24.599
2 24 56 56 -30 56 56 6
2 24 7.232 176 -264.686 0 176 -266.25
2 24 60 56 -30 60 128 -30
2 24 25.596 120.16 -221.849 20.154 138.879 -243.355
2 24 25.934 98.489 -197.043 35.166 64.056 -148.75
2 24 0 103.306 -203.514 15.081 101.765 -201.451
2 24 55.642 176 -168.29 43.988 176 -217.789
2 24 16 159.538 -258.906 7.234 163.564 -264.63
2 24 56 56 -30 56 22 -30
2 24 16 145.889 -246 16 132.67 -234
2 24 40 24 -10 40 5.195 -10
2 24 60 21.001 -24.599 60 19.17 10
2 24 40 0 10 40 0 -10
2 24 56.25 23.307 -33.325 56.25 28.216 -49.101
2 24 60 176 -70 60 176 -102.5
2 24 52.233 176 -162.398 38.387 176 -221.062
2 24 44 11 -30 44 56 -30
2 24 19.179 157.53 -261.3 8.723 162.045 -268.061
2 24 56.25 176 -70 60 176 -70
2 24 40 24 -6 40 24 -10
2 24 8.723 162.045 -268.061 0 163.341 -270
2 24 40 24 6 40 5.194 6
2 24 60 128 -70 56.25 128 -70
2 24 20 130.676 -230 20 143.918 -242.776
2 24 40 7.331 -33.325 40 128 -33.325
2 24 20 156.813 -254.99 20 176 -254.99
2 24 0 176 -250 16 176 -250
2 24 38.493 4 6 38.492 4 -6
2 24 60 55.93 -49.8 56.25 55.93 -49.8
2 24 15.231 128.256 -230 25.766 108.491 -204.18
2 24 38.493 4 -10 38.499 8.38 -42.897
2 24 25.766 108.491 -204.18 32.093 89.684 -178.659
2 24 32.093 89.684 -178.659 36.853 65.694 -144.496
2 24 38.617 31.884 -91.434 38.584 20.864 -71.516
2 24 36.853 65.694 -144.496 38.617 31.884 -91.434
2 24 56.25 103.87 -90.026 60 103.87 -90.026
2 24 38.584 20.864 -71.516 38.499 8.38 -42.897
2 24 52.056 103.87 -166.9 55.845 103.87 -166.9
2 24 28.679 145.908 -240.288 28.679 140.171 -240.288
2 24 38.499 8.38 -42.897 40 7.331 -33.325
2 24 60 55.93 -91.544 56.25 55.93 -91.544

0 // Condlines

5 24 37.167 68.686 -155.481 58.365 80.316 -144.554 39.603 43.429 -117.213 53.731 103.421 -179.862
5 24 58.365 80.316 -144.554 39.603 43.429 -117.213 60 53.78 -102.5 37.167 68.686 -155.481
5 24 60 19.17 10 40 0 -10 40 0 10 60 21.001 -24.599
5 24 28.831 149.679 -249.539 29.609 176 -248.369 19.179 157.53 -261.3 43.988 176 -217.789
5 24 46.303 106.511 -191.153 30.006 96.854 -194.831 30.75 103.613 -201.479 37.167 68.686 -155.481
5 24 28.831 149.679 -249.539 43.988 176 -217.789 43.253 129.917 -219.871 29.609 176 -248.369
5 24 38.499 8.38 -42.897 37.263 21.011 -71.8 38.584 20.864 -71.516 0 21.011 -71.8
5 24 54.977 79.475 -139.79 55.234 83.744 -136.048 52.056 103.87 -166.9 56.25 55.93 -91.544
5 24 8.723 162.045 -268.061 8.705 176 -268.069 0 163.341 -270 19.253 176 -261.228
5 24 46.303 106.511 -191.153 53.731 103.421 -179.862 37.167 68.686 -155.481 43.253 129.917 -219.871
5 24 54.977 79.475 -139.79 52.056 103.87 -166.9 55.234 83.744 -136.048 50.78 102.7 -175.009
5 24 20 143.918 -242.776 20.154 144.598 -243.355 20 156.813 -254.99 25.584 125.95 -221.894
5 24 32.093 89.684 -178.659 46.303 112.384 -191.153 50.78 102.7 -175.009 30.75 109.429 -201.479
5 24 56.25 103.87 -102.5 56.25 176 -102.5 54.587 103.87 -144.722 56.25 103.87 -90.026
5 24 36.853 65.694 -144.496 50.78 102.7 -175.009 54.977 79.475 -139.79 32.093 89.684 -178.659
5 24 7.234 163.564 -264.63 16 149.905 -250 0 145.35 -250 16 159.538 -258.906
5 24 30.75 103.613 -201.479 26.567 105.777 -206.81 30.006 96.854 -194.831 25.596 120.16 -221.849
5 24 60 53.78 -102.5 39.603 43.429 -117.213 40 20.195 -78.278 58.365 80.316 -144.554
5 24 0 139.294 -250 8.723 162.045 -268.061 0 163.341 -270 3.54 138.009 -248.396
5 24 36.853 65.694 -144.496 35.172 68.563 -148.694 37.174 32.057 -91.73 32.093 89.684 -178.659
5 24 60 34.184 -66.991 40 20.195 -78.278 40 3.563 -38.041 60 53.78 -102.5
5 24 7.232 176 -264.686 7.234 163.564 -264.63 0 164.696 -266.25 16 176 -258.906
5 24 13.42 106.777 -201.893 15.231 128.256 -230 25.766 108.491 -204.18 0 107.991 -203.514
5 24 32.093 89.684 -178.659 50.78 102.7 -175.009 46.303 112.384 -191.153 36.853 65.694 -144.496
5 24 53.731 103.421 -179.862 55.642 176 -168.29 55.845 103.87 -166.9 43.253 129.917 -219.871
5 24 32.093 89.684 -178.659 30.75 109.429 -201.479 46.303 112.384 -191.153 25.766 108.491 -204.18
5 24 60 21.001 -24.599 40 0 -10 60 19.17 10 40 3.563 -38.041
5 24 26.567 105.777 -206.81 25.934 98.489 -197.043 30.006 96.854 -194.831 15.081 101.765 -201.451
5 24 56.25 47.805 -88.92 38.584 20.864 -71.516 38.617 31.884 -91.434 56.25 28.216 -49.101
5 24 56.25 176 -102.5 54.587 103.87 -144.722 56.25 103.87 -102.5 52.233 176 -162.398
5 24 47.294 113.992 -191.901 46.303 112.384 -191.153 38.994 132.72 -219.69 50.78 102.7 -175.009
5 24 58.885 83.62 -135.811 58.365 80.316 -144.554 60 53.78 -102.5 55.845 103.87 -166.9
5 24 40 7.331 -33.325 56.25 28.216 -49.101 38.499 8.38 -42.897 56.25 23.307 -33.325
5 24 25.596 120.16 -221.849 12.075 130.244 -238.613 20.154 138.879 -243.355 26.567 105.777 -206.81
5 24 20.154 138.879 -243.355 28.831 149.679 -249.539 28.679 140.171 -240.288 19.179 157.53 -261.3
5 24 40 24 6 38.493 4 6 40 5.194 6 0 4 6.25
5 24 38.493 4 -10 40 7.331 -33.325 40 5.195 -10 38.499 8.38 -42.897
5 24 38.499 8.38 -42.897 56.25 28.216 -49.101 40 7.331 -33.325 38.584 20.864 -71.516
5 24 56.25 47.805 -88.92 36.853 65.694 -144.496 38.617 31.884 -91.434 54.977 79.475 -139.79
5 24 56.25 47.805 -88.92 56.25 55.93 -91.544 56.25 55.93 -49.8 54.977 79.475 -139.79
5 24 58.885 83.62 -135.811 60 53.78 -102.5 58.365 80.316 -144.554 60 62.552 -102.5
5 24 36.853 65.694 -144.496 54.977 79.475 -139.79 50.78 102.7 -175.009 56.25 47.805 -88.92
5 24 8.723 162.045 -268.061 3.54 138.009 -248.396 19.179 157.53 -261.3 0 139.294 -250
5 24 37.174 32.057 -91.73 37.174 27.721 -91.734 35.166 64.056 -148.75 37.263 21.011 -71.8
5 24 38.994 132.72 -219.69 38.387 176 -221.062 52.233 176 -162.398 27.094 150.191 -245.351
5 24 37.174 32.057 -91.73 36.853 65.694 -144.496 35.172 68.563 -148.694 38.617 31.884 -91.434
5 24 30.75 103.613 -201.479 30.006 96.854 -194.831 26.567 105.777 -206.81 46.303 106.511 -191.153
5 24 40 20.195 -78.278 60 53.78 -102.5 60 34.184 -66.991 39.603 43.429 -117.213
5 24 25.934 103.159 -197.043 15.081 101.765 -201.451 13.42 106.777 -201.893 25.934 98.489 -197.043
5 24 0 145.35 -250 7.234 163.564 -264.63 0 164.696 -266.25 16 149.905 -250
5 24 38.617 31.884 -91.434 56.25 47.805 -88.92 38.584 20.864 -71.516 36.853 65.694 -144.496
5 24 55.845 103.87 -166.9 55.642 176 -168.29 60 176 -102.5 53.731 103.421 -179.862
5 24 36.466 128.776 -223.77 46.303 112.384 -191.153 46.303 106.511 -191.153 35.707 135.851 -225.653
5 24 35.172 68.563 -148.694 35.166 64.056 -148.75 37.174 32.057 -91.73 25.934 98.489 -197.043
5 24 25.934 98.489 -197.043 37.167 68.686 -155.481 35.166 64.056 -148.75 30.006 96.854 -194.831
5 24 38.994 132.72 -219.69 46.303 112.384 -191.153 35.707 135.851 -225.653 47.294 113.992 -191.901
5 24 56.25 55.93 -91.544 58.885 83.62 -135.811 55.234 83.744 -136.048 60 62.552 -102.5
5 24 19.179 157.53 -261.3 19.253 176 -261.228 8.723 162.045 -268.061 29.609 176 -248.369
5 24 56.25 28.216 -49.101 38.584 20.864 -71.516 56.25 47.805 -88.92 38.499 8.38 -42.897
5 24 35.707 135.851 -225.653 36.466 128.776 -223.77 46.303 112.384 -191.153 28.679 140.171 -240.288
5 24 13.42 106.777 -201.893 0 103.306 -203.514 15.081 101.765 -201.451 0 107.991 -203.514
5 24 30.75 109.429 -201.479 25.584 125.95 -221.894 25.766 108.491 -204.18 25.596 120.16 -221.849
5 24 60 62.552 -102.5 56.25 55.93 -91.544 60 55.93 -91.544 58.885 83.62 -135.811
5 24 28.679 140.171 -240.288 28.831 149.679 -249.539 43.253 129.917 -219.871 20.154 138.879 -243.355
5 24 43.253 129.917 -219.871 55.642 176 -168.29 43.988 176 -217.789 53.731 103.421 -179.862
5 24 38.584 20.864 -71.516 37.263 21.011 -71.8 38.617 31.884 -91.434 38.499 8.38 -42.897
5 24 30.006 96.854 -194.831 25.934 98.489 -197.043 26.567 105.777 -206.81 37.167 68.686 -155.481
5 24 60 176 -102.5 60 103.87 -102.5 55.845 103.87 -166.9 60 103.87 -90.026
5 24 47.294 113.992 -191.901 52.056 103.87 -166.9 52.233 176 -162.398 50.78 102.7 -175.009
5 24 46.303 112.384 -191.153 30.75 109.429 -201.479 46.303 106.511 -191.153 32.093 89.684 -178.659
5 24 55.845 103.87 -166.9 53.731 103.421 -179.862 58.365 80.316 -144.554 55.642 176 -168.29
5 24 25.766 108.491 -204.18 20 130.676 -230 25.584 125.95 -221.894 15.231 128.256 -230
5 24 16 176 -258.906 16 159.538 -258.906 7.234 163.564 -264.63 16 176 -250
5 24 20 143.918 -242.776 25.584 125.95 -221.894 20 130.676 -230 20.154 144.598 -243.355
5 24 28.679 140.171 -240.288 43.253 129.917 -219.871 28.831 149.679 -249.539 36.466 128.776 -223.77
5 24 60 21.001 -24.599 40 3.563 -38.041 60 34.184 -66.991 40 0 -10
5 24 43.253 129.917 -219.871 43.988 176 -217.789 28.831 149.679 -249.539 55.642 176 -168.29
5 24 20 156.813 -254.99 24.963 176 -248.55 20 176 -254.99 27.094 150.191 -245.351
5 24 46.303 106.511 -191.153 43.253 129.917 -219.871 53.731 103.421 -179.862 36.466 128.776 -223.77
5 24 27.094 150.191 -245.351 28.679 145.908 -240.288 38.994 132.72 -219.69 20.154 144.598 -243.355
5 24 20.154 138.879 -243.355 12.075 130.244 -238.613 19.179 157.53 -261.3 25.596 120.16 -221.849
5 24 36.466 128.776 -223.77 43.253 129.917 -219.871 28.679 140.171 -240.288 46.303 106.511 -191.153
5 24 26.567 105.777 -206.81 15.081 101.765 -201.451 25.934 98.489 -197.043 12.075 130.244 -238.613
5 24 60 62.552 -102.5 60 53.78 -102.5 58.885 83.62 -135.811 60 55.93 -91.544
5 24 58.885 83.62 -135.811 55.234 83.744 -136.048 56.25 55.93 -91.544 52.056 103.87 -166.9
5 24 38.994 132.72 -219.69 35.707 135.851 -225.653 28.679 145.908 -240.288 46.303 112.384 -191.153
5 24 39.603 43.429 -117.213 37.174 27.721 -91.734 40 20.195 -78.278 35.166 64.056 -148.75
5 24 25.584 125.95 -221.894 20 130.676 -230 20 143.918 -242.776 25.766 108.491 -204.18
5 24 38.994 132.72 -219.69 52.233 176 -162.398 47.294 113.992 -191.901 38.387 176 -221.062
5 24 47.294 113.992 -191.901 52.233 176 -162.398 52.056 103.87 -166.9 38.994 132.72 -219.69
5 24 25.766 108.491 -204.18 30.75 109.429 -201.479 32.093 89.684 -178.659 25.584 125.95 -221.894
5 24 25.766 108.491 -204.18 25.584 125.95 -221.894 20 130.676 -230 30.75 109.429 -201.479
5 24 54.587 103.87 -144.722 52.233 176 -162.398 56.25 176 -102.5 52.056 103.87 -166.9
5 24 27.094 150.191 -245.351 20.154 144.598 -243.355 20 156.813 -254.99 28.679 145.908 -240.288
5 24 19.179 157.53 -261.3 20.154 138.879 -243.355 12.075 130.244 -238.613 28.831 149.679 -249.539
5 24 19.179 157.53 -261.3 12.075 130.244 -238.613 20.154 138.879 -243.355 3.54 138.009 -248.396
5 24 13.42 106.777 -201.893 15.081 101.765 -201.451 0 103.306 -203.514 25.934 103.159 -197.043
5 24 25.766 108.491 -204.18 25.934 103.159 -197.043 13.42 106.777 -201.893 32.093 89.684 -178.659
5 24 35.166 64.056 -148.75 39.603 43.429 -117.213 37.167 68.686 -155.481 37.174 27.721 -91.734
5 24 25.934 103.159 -197.043 25.934 98.489 -197.043 35.172 68.563 -148.694 15.081 101.765 -201.451
5 24 27.094 150.191 -245.351 24.963 176 -248.55 20 156.813 -254.99 38.387 176 -221.062
5 24 12.075 130.244 -238.613 0 103.306 -203.514 15.081 101.765 -201.451 3.54 138.009 -248.396
5 24 56.25 55.93 -91.544 54.977 79.475 -139.79 56.25 47.805 -88.92 55.234 83.744 -136.048
5 24 27.094 150.191 -245.351 38.387 176 -221.062 38.994 132.72 -219.69 24.963 176 -248.55
5 24 50.78 102.7 -175.009 52.056 103.87 -166.9 54.977 79.475 -139.79 47.294 113.992 -191.901
5 24 46.303 112.384 -191.153 50.78 102.7 -175.009 47.294 113.992 -191.901 32.093 89.684 -178.659
5 24 55.845 103.87 -166.9 58.365 80.316 -144.554 53.731 103.421 -179.862 58.885 83.62 -135.811
5 24 32.093 89.684 -178.659 25.934 103.159 -197.043 25.766 108.491 -204.18 35.172 68.563 -148.694
5 24 40 3.563 -38.041 60 34.184 -66.991 40 20.195 -78.278 60 21.001 -24.599
5 24 19.179 157.53 -261.3 3.54 138.009 -248.396 12.075 130.244 -238.613 8.723 162.045 -268.061
5 24 32.093 89.684 -178.659 35.172 68.563 -148.694 25.934 103.159 -197.043 36.853 65.694 -144.496
5 24 52.056 103.87 -166.9 52.233 176 -162.398 54.587 103.87 -144.722 47.294 113.992 -191.901
5 24 25.766 108.491 -204.18 13.42 106.777 -201.893 25.934 103.159 -197.043 15.231 128.256 -230
5 24 40 20.195 -78.278 37.263 16.791 -71.8 40 3.563 -38.041 37.174 27.721 -91.734
5 24 37.263 16.791 -71.8 40 3.563 -38.041 40 20.195 -78.278 0 16.791 -71.8
5 24 37.167 68.686 -155.481 53.731 103.421 -179.862 46.303 106.511 -191.153 58.365 80.316 -144.554
5 24 37.167 68.686 -155.481 35.166 64.056 -148.75 25.934 98.489 -197.043 39.603 43.429 -117.213
5 24 40 20.195 -78.278 37.174 27.721 -91.734 37.263 16.791 -71.8 39.603 43.429 -117.213
5 24 38.617 31.884 -91.434 37.174 32.057 -91.73 37.263 21.011 -71.8 36.853 65.694 -144.496
5 24 25.596 120.16 -221.849 26.567 105.777 -206.81 30.75 103.613 -201.479 12.075 130.244 -238.613
5 24 46.303 106.511 -191.153 37.167 68.686 -155.481 53.731 103.421 -179.862 30.006 96.854 -194.831
