0 ~Brick Round Sphere  2 x  2 x  1 2/3 with Stud without Outer Faces
0 Name: s\20953s01.dat
0 Author: Massimo Maso [Sirio]
0 !LDRAW_ORG Unofficial_Subpart
0 !LICENSE Redistributable under CCAL version 2.0 : see CAreadme.txt

0 BFC CERTIFY CCW

0 // Primitives
1 16 0 1.5 0 6 0 0 0 -1 0 0 0 6 4-4disc.dat
1 16 0 1.5 0 6 0 0 0 1 0 0 0 6 4-4edge.dat
0 BFC INVERTNEXT
1 16 0 1.5 0 6 0 0 0 33.5 0 0 0 6 4-4cyli.dat
1 16 0 35 0 1 0 0 0 -1.25 0 0 0 1 stud4a.dat
1 16 0 8 0 1 0 0 0 27 0 0 0 1 48\4-4con8.dat
1 16 0 8 0 9 0 0 0 1 0 0 0 9 48\4-4edge.dat
1 16 0 8 0 1 0 0 0 -1 0 0 0 1 48\4-4ring9.dat
1 16 0 8 0 1 0 0 0 -1 0 0 0 1 4-4rin10.dat
1 16 0 8 0 0.25 0 0 0 -1 0 0 0 0.25 4-4rin44.dat
1 16 0 8 0 11.25 0 0 0 -1 0 0 0 11.25 48\4-4aring.dat
1 16 0 8 0 11.25 0 0 0 1 0 0 0 11.25 48\4-4edge.dat
0 BFC INVERTNEXT
1 16 0 32 0 1.25 0 0 0 -24 0 0 0 1.25 48\4-4con9.dat
1 16 0 32 0 12.5 0 0 0 1 0 0 0 12.5 48\4-4edge.dat
1 16 0 32 0 13.1647 0 0 0 1 0 0 0 13.1647 48\4-4edge.dat
1 16 0 0 0 10.4796 0 0 0 1 0 0 0 10.4796 4-4disc.dat
1 16 0 0 0 10.4796 0 0 0 1 0 0 0 10.4796 48\4-4aring.dat
1 16 0 0 0 10.4796 0 0 0 1 0 0 0 10.4796 48\4-4edge.dat
0 // Orthogonal fillets
3 16 0 35 8 0 32 13.1647 1.5944 32 13.0618
3 16 0 35 8 1.5944 32 13.0618 1.5 35 7.8406
3 16 1.5 35 7.8406 1.5944 32 13.0618 1.5944 32 12.3949
4 16 1.5 35 7.8406 1.5944 32 12.3949 1.6243 31.0518 12.3389 2.3191 8.9831 8.6552
4 16 2.3191 8.9831 8.6552 1.6243 31.0518 12.3389 2.35 8 10.978 2.35 8 8.686
3 16 -1.5944 32 13.0618 0 32 13.1647 0 35 8
3 16 -1.5 35 7.8406 -1.5944 32 13.0618 0 35 8
3 16 -1.5944 32 12.3949 -1.5944 32 13.0618 -1.5 35 7.8406
4 16 -2.3191 8.9831 8.6552 -1.6243 31.0518 12.3389 -1.5944 32 12.3949 -1.5 35 7.8406
4 16 -2.35 8 8.686 -2.35 8 10.978 -1.6243 31.0518 12.3389 -2.3191 8.9831 8.6552
3 16 -8 35 0 -13.1647 32 0 -13.0618 32 1.5944
3 16 -8 35 0 -13.0618 32 1.5944 -7.8406 35 1.5
3 16 -7.8406 35 1.5 -13.0618 32 1.5944 -12.3949 32 1.5944
4 16 -7.8406 35 1.5 -12.3949 32 1.5944 -12.3389 31.0518 1.6243 -8.6552 8.9831 2.3191
4 16 -8.6552 8.9831 2.3191 -12.3389 31.0518 1.6243 -10.978 8 2.35 -8.686 8 2.35
3 16 -13.0618 32 -1.5944 -13.1647 32 0 -8 35 0
3 16 -7.8406 35 -1.5 -13.0618 32 -1.5944 -8 35 0
3 16 -12.3949 32 -1.5944 -13.0618 32 -1.5944 -7.8406 35 -1.5
4 16 -8.6552 8.9831 -2.3191 -12.3389 31.0518 -1.6243 -12.3949 32 -1.5944 -7.8406 35 -1.5
4 16 -8.686 8 -2.35 -10.978 8 -2.35 -12.3389 31.0518 -1.6243 -8.6552 8.9831 -2.3191
3 16 8 35 0 13.1647 32 0 13.0618 32 -1.5944
3 16 8 35 0 13.0618 32 -1.5944 7.8406 35 -1.5
3 16 7.8406 35 -1.5 13.0618 32 -1.5944 12.3949 32 -1.5944
4 16 7.8406 35 -1.5 12.3949 32 -1.5944 12.3389 31.0518 -1.6243 8.6552 8.9831 -2.3191
4 16 8.6552 8.9831 -2.3191 12.3389 31.0518 -1.6243 10.978 8 -2.35 8.686 8 -2.35
3 16 13.0618 32 1.5944 13.1647 32 0 8 35 0
3 16 7.8406 35 1.5 13.0618 32 1.5944 8 35 0
3 16 12.3949 32 1.5944 13.0618 32 1.5944 7.8406 35 1.5
4 16 8.6552 8.9831 2.3191 12.3389 31.0518 1.6243 12.3949 32 1.5944 7.8406 35 1.5
4 16 8.686 8 2.35 10.978 8 2.35 12.3389 31.0518 1.6243 8.6552 8.9831 2.3191
3 16 0 35 -8 0 32 -13.1647 -1.5944 32 -13.0618
3 16 0 35 -8 -1.5944 32 -13.0618 -1.5 35 -7.8406
3 16 -1.5 35 -7.8406 -1.5944 32 -13.0618 -1.5944 32 -12.3949
4 16 -1.5 35 -7.8406 -1.5944 32 -12.3949 -1.6243 31.0518 -12.3389 -2.3191 8.9831 -8.6552
4 16 -2.3191 8.9831 -8.6552 -1.6243 31.0518 -12.3389 -2.35 8 -10.978 -2.35 8 -8.686
3 16 1.5944 32 -13.0618 0 32 -13.1647 0 35 -8
3 16 1.5 35 -7.8406 1.5944 32 -13.0618 0 35 -8
3 16 1.5944 32 -12.3949 1.5944 32 -13.0618 1.5 35 -7.8406
4 16 2.3191 8.9831 -8.6552 1.6243 31.0518 -12.3389 1.5944 32 -12.3949 1.5 35 -7.8406
4 16 2.35 8 -8.686 2.35 8 -10.978 1.6243 31.0518 -12.3389 2.3191 8.9831 -8.6552
0 // Edges
2 24 0 32 13.1647 1.5944 32 13.0618
2 24 1.5 35 7.8406 0 35 8
2 24 1.5944 32 12.3949 1.6243 31.0518 12.3389
2 24 2.3191 8.9831 8.6552 1.5 35 7.8406
2 24 1.6243 31.0518 12.3389 2.35 8 10.978
2 24 2.35 8 10.978 2.35 8 8.686
2 24 2.35 8 8.686 2.3191 8.9831 8.6552
2 24 -1.5944 32 13.0618 0 32 13.1647
2 24 0 35 8 -1.5 35 7.8406
2 24 -1.6243 31.0518 12.3389 -1.5944 32 12.3949
2 24 -1.5 35 7.8406 -2.3191 8.9831 8.6552
2 24 -2.35 8 8.686 -2.35 8 10.978
2 24 -2.35 8 10.978 -1.6243 31.0518 12.3389
2 24 -2.3191 8.9831 8.6552 -2.35 8 8.686
2 24 1.5944 32 13.0618 1.5 35 7.8406
2 24 1.5944 32 13.0618 1.5944 32 12.3949
2 24 -1.5 35 7.8406 -1.5944 32 13.0618
2 24 -1.5944 32 12.3949 -1.5944 32 13.0618
2 24 -13.1647 32 0 -13.0618 32 1.5944
2 24 -7.8406 35 1.5 -8 35 0
2 24 -12.3949 32 1.5944 -12.3389 31.0518 1.6243
2 24 -8.6552 8.9831 2.3191 -7.8406 35 1.5
2 24 -12.3389 31.0518 1.6243 -10.978 8 2.35
2 24 -10.978 8 2.35 -8.686 8 2.35
2 24 -8.686 8 2.35 -8.6552 8.9831 2.3191
2 24 -13.0618 32 -1.5944 -13.1647 32 0
2 24 -8 35 0 -7.8406 35 -1.5
2 24 -12.3389 31.0518 -1.6243 -12.3949 32 -1.5944
2 24 -7.8406 35 -1.5 -8.6552 8.9831 -2.3191
2 24 -8.686 8 -2.35 -10.978 8 -2.35
2 24 -10.978 8 -2.35 -12.3389 31.0518 -1.6243
2 24 -8.6552 8.9831 -2.3191 -8.686 8 -2.35
2 24 -13.0618 32 1.5944 -7.8406 35 1.5
2 24 -13.0618 32 1.5944 -12.3949 32 1.5944
2 24 -7.8406 35 -1.5 -13.0618 32 -1.5944
2 24 -12.3949 32 -1.5944 -13.0618 32 -1.5944
2 24 13.1647 32 0 13.0618 32 -1.5944
2 24 7.8406 35 -1.5 8 35 0
2 24 12.3949 32 -1.5944 12.3389 31.0518 -1.6243
2 24 8.6552 8.9831 -2.3191 7.8406 35 -1.5
2 24 12.3389 31.0518 -1.6243 10.978 8 -2.35
2 24 10.978 8 -2.35 8.686 8 -2.35
2 24 8.686 8 -2.35 8.6552 8.9831 -2.3191
2 24 13.0618 32 1.5944 13.1647 32 0
2 24 8 35 0 7.8406 35 1.5
2 24 12.3389 31.0518 1.6243 12.3949 32 1.5944
2 24 7.8406 35 1.5 8.6552 8.9831 2.3191
2 24 8.686 8 2.35 10.978 8 2.35
2 24 10.978 8 2.35 12.3389 31.0518 1.6243
2 24 8.6552 8.9831 2.3191 8.686 8 2.35
2 24 13.0618 32 -1.5944 7.8406 35 -1.5
2 24 13.0618 32 -1.5944 12.3949 32 -1.5944
2 24 7.8406 35 1.5 13.0618 32 1.5944
2 24 12.3949 32 1.5944 13.0618 32 1.5944
2 24 0 32 -13.1647 -1.5944 32 -13.0618
2 24 -1.5 35 -7.8406 0 35 -8
2 24 -1.5944 32 -12.3949 -1.6243 31.0518 -12.3389
2 24 -2.3191 8.9831 -8.6552 -1.5 35 -7.8406
2 24 -1.6243 31.0518 -12.3389 -2.35 8 -10.978
2 24 -2.35 8 -10.978 -2.35 8 -8.686
2 24 -2.35 8 -8.686 -2.3191 8.9831 -8.6552
2 24 1.5944 32 -13.0618 0 32 -13.1647
2 24 0 35 -8 1.5 35 -7.8406
2 24 1.6243 31.0518 -12.3389 1.5944 32 -12.3949
2 24 1.5 35 -7.8406 2.3191 8.9831 -8.6552
2 24 2.35 8 -8.686 2.35 8 -10.978
2 24 2.35 8 -10.978 1.6243 31.0518 -12.3389
2 24 2.3191 8.9831 -8.6552 2.35 8 -8.686
2 24 -1.5944 32 -13.0618 -1.5 35 -7.8406
2 24 -1.5944 32 -13.0618 -1.5944 32 -12.3949
2 24 1.5 35 -7.8406 1.5944 32 -13.0618
2 24 1.5944 32 -12.3949 1.5944 32 -13.0618
0 // Conditional lines
5 24 0 35 -8 0 32 -13.1647 -1.5944 32 -13.0618 1.5944 32 -13.0618
5 24 -1.5944 32 -13.0618 0 35 -8 0 32 -13.1647 -1.5 35 -7.8406
5 24 0 35 -8 1.5944 32 -13.0618 0 32 -13.1647 1.5 35 -7.8406
5 24 -8 35 0 -13.1647 32 0 -13.0618 32 1.5944 -13.0618 32 -1.5944
5 24 -13.0618 32 1.5944 -8 35 0 -13.1647 32 0 -7.8406 35 1.5
5 24 -8 35 0 -13.0618 32 -1.5944 -13.1647 32 0 -7.8406 35 -1.5
5 24 8 35 0 13.1647 32 0 13.0618 32 -1.5944 13.0618 32 1.5944
5 24 13.0618 32 -1.5944 8 35 0 13.1647 32 0 7.8406 35 -1.5
5 24 8 35 0 13.0618 32 1.5944 13.1647 32 0 7.8406 35 1.5
5 24 0 35 8 0 32 13.1647 1.5944 32 13.0618 -1.5944 32 13.0618
5 24 1.5944 32 13.0618 0 35 8 0 32 13.1647 1.5 35 7.8406
5 24 0 35 8 -1.5944 32 13.0618 0 32 13.1647 -1.5 35 7.8406
0 // Diagonal fillet
4 16 8.6915 28 -8.6915 7.9384 28 -9.3526 5.0871 28 -6.5013 5.8402 28 -5.8402
4 16 5.8402 28 -5.8402 6.5013 28 -5.0871 9.3526 28 -7.9384 8.6915 28 -8.6915
4 16 5.0871 28 -6.5013 7.9384 28 -9.3526 6.8785 9.0065 -8.9642 5.1093 24.1814 -6.6585
4 16 6.6585 24.1814 -5.1093 8.9642 9.0065 -6.8785 9.3526 28 -7.9384 6.5013 28 -5.0871
4 16 5.2033 8 -7.3247 5.1093 24.1814 -6.6585 6.8785 9.0065 -8.9642 6.8223 8 -8.9436
4 16 8.9436 8 -6.8223 8.9642 9.0065 -6.8785 6.6585 24.1814 -5.1093 7.3247 8 -5.2033
0 // Edges
2 24 7.9384 28 -9.3526 5.0871 28 -6.5013
2 24 6.5013 28 -5.0871 9.3526 28 -7.9384
2 24 8.6915 28 -8.6915 7.9384 28 -9.3526
2 24 5.0871 28 -6.5013 5.8402 28 -5.8402
2 24 5.8402 28 -5.8402 6.5013 28 -5.0871
2 24 9.3526 28 -7.9384 8.6915 28 -8.6915
2 24 7.9384 28 -9.3526 6.8785 9.0065 -8.9642
2 24 5.1093 24.1814 -6.6585 5.0871 28 -6.5013
2 24 5.2033 8 -7.3247 5.1093 24.1814 -6.6585
2 24 6.8785 9.0065 -8.9642 6.8223 8 -8.9436
2 24 6.8223 8 -8.9436 5.2033 8 -7.3247
2 24 8.9642 9.0065 -6.8785 9.3526 28 -7.9384
2 24 6.5013 28 -5.0871 6.6585 24.1814 -5.1093
2 24 8.9436 8 -6.8223 8.9642 9.0065 -6.8785
2 24 6.6585 24.1814 -5.1093 7.3247 8 -5.2033
2 24 7.3247 8 -5.2033 8.9436 8 -6.8223
0 // Bottom incomplete ring (inner radius 12.5, outer radius 13.1647)
4 16 -1.6313 32 12.3925 -1.718 32 13.0515 -1.5944 32 13.0618 -1.5944 32 12.3949
4 16 1.5944 32 12.3949 1.5944 32 13.0618 1.718 32 13.0515 1.6313 32 12.3925
4 16 -3.235 32 12.0738 -3.407 32 12.7158 -1.718 32 13.0515 -1.6313 32 12.3925
4 16 1.6313 32 12.3925 1.718 32 13.0515 3.407 32 12.7158 3.235 32 12.0738
4 16 -4.7838 32 11.5488 -5.0381 32 12.1629 -3.407 32 12.7158 -3.235 32 12.0738
4 16 3.235 32 12.0738 3.407 32 12.7158 5.0381 32 12.1629 4.7838 32 11.5488
4 16 -6.25 32 10.825 -6.5824 32 11.4006 -5.0381 32 12.1629 -4.7838 32 11.5488
4 16 4.7838 32 11.5488 5.0381 32 12.1629 6.5824 32 11.4006 6.25 32 10.825
4 16 -7.61 32 9.9175 -8.0147 32 10.4449 -6.5824 32 11.4006 -6.25 32 10.825
4 16 6.25 32 10.825 6.5824 32 11.4006 8.0147 32 10.4449 7.61 32 9.9175
4 16 -8.8388 32 8.8388 -9.3088 32 9.3088 -8.0147 32 10.4449 -7.61 32 9.9175
4 16 7.61 32 9.9175 8.0147 32 10.4449 9.3088 32 9.3088 8.8388 32 8.8388
4 16 -9.9175 32 7.61 -10.4449 32 8.0147 -9.3088 32 9.3088 -8.8388 32 8.8388
4 16 8.8388 32 8.8388 9.3088 32 9.3088 10.4449 32 8.0147 9.9175 32 7.61
4 16 -10.825 32 6.25 -11.4006 32 6.5824 -10.4449 32 8.0147 -9.9175 32 7.61
4 16 9.9175 32 7.61 10.4449 32 8.0147 11.4006 32 6.5824 10.825 32 6.25
4 16 -11.5488 32 4.7838 -12.1629 32 5.0381 -11.4006 32 6.5824 -10.825 32 6.25
4 16 10.825 32 6.25 11.4006 32 6.5824 12.1629 32 5.0381 11.5488 32 4.7838
4 16 -12.0738 32 3.235 -12.7158 32 3.407 -12.1629 32 5.0381 -11.5488 32 4.7838
4 16 11.5488 32 4.7838 12.1629 32 5.0381 12.7158 32 3.407 12.0738 32 3.235
4 16 -12.3925 32 1.6313 -13.0515 32 1.718 -12.7158 32 3.407 -12.0738 32 3.235
4 16 12.0738 32 3.235 12.7158 32 3.407 13.0515 32 1.718 12.3925 32 1.6313
4 16 -12.3949 32 1.5944 -13.0618 32 1.5944 -13.0515 32 1.718 -12.3925 32 1.6313
4 16 12.3925 32 1.6313 13.0515 32 1.718 13.0618 32 1.5944 12.3949 32 1.5944
4 16 -12.3925 32 -1.6313 -13.0515 32 -1.718 -13.0618 32 -1.5944 -12.3949 32 -1.5944
4 16 12.3949 32 -1.5944 13.0618 32 -1.5944 13.0515 32 -1.718 12.3925 32 -1.6313
4 16 -12.0738 32 -3.235 -12.7158 32 -3.407 -13.0515 32 -1.718 -12.3925 32 -1.6313
4 16 12.3925 32 -1.6313 13.0515 32 -1.718 12.7158 32 -3.407 12.0738 32 -3.235
4 16 -11.5488 32 -4.7838 -12.1629 32 -5.0381 -12.7158 32 -3.407 -12.0738 32 -3.235
4 16 12.0738 32 -3.235 12.7158 32 -3.407 12.1629 32 -5.0381 11.5488 32 -4.7838
4 16 -10.825 32 -6.25 -11.4006 32 -6.5824 -12.1629 32 -5.0381 -11.5488 32 -4.7838
4 16 11.5488 32 -4.7838 12.1629 32 -5.0381 11.4006 32 -6.5824 10.825 32 -6.25
4 16 -9.9175 32 -7.61 -10.4449 32 -8.0147 -11.4006 32 -6.5824 -10.825 32 -6.25
4 16 10.825 32 -6.25 11.4006 32 -6.5824 10.4449 32 -8.0147 9.9175 32 -7.61
4 16 -8.8388 32 -8.8388 -9.3088 32 -9.3088 -10.4449 32 -8.0147 -9.9175 32 -7.61
4 16 9.9175 32 -7.61 10.4449 32 -8.0147 9.3088 32 -9.3088 8.8388 32 -8.8388
4 16 -7.61 32 -9.9175 -8.0147 32 -10.4449 -9.3088 32 -9.3088 -8.8388 32 -8.8388
4 16 8.8388 32 -8.8388 9.3088 32 -9.3088 8.0147 32 -10.4449 7.61 32 -9.9175
4 16 -6.25 32 -10.825 -6.5824 32 -11.4006 -8.0147 32 -10.4449 -7.61 32 -9.9175
4 16 7.61 32 -9.9175 8.0147 32 -10.4449 6.5824 32 -11.4006 6.25 32 -10.825
4 16 -4.7838 32 -11.5488 -5.0381 32 -12.1629 -6.5824 32 -11.4006 -6.25 32 -10.825
4 16 6.25 32 -10.825 6.5824 32 -11.4006 5.0381 32 -12.1629 4.7838 32 -11.5488
4 16 -3.235 32 -12.0738 -3.407 32 -12.7158 -5.0381 32 -12.1629 -4.7838 32 -11.5488
4 16 4.7838 32 -11.5488 5.0381 32 -12.1629 3.407 32 -12.7158 3.235 32 -12.0738
4 16 -1.6313 32 -12.3925 -1.718 32 -13.0515 -3.407 32 -12.7158 -3.235 32 -12.0738
4 16 3.235 32 -12.0738 3.407 32 -12.7158 1.718 32 -13.0515 1.6313 32 -12.3925
4 16 -1.5944 32 -12.3949 -1.5944 32 -13.0618 -1.718 32 -13.0515 -1.6313 32 -12.3925
4 16 1.6313 32 -12.3925 1.718 32 -13.0515 1.5944 32 -13.0618 1.5944 32 -12.3949
0 // Edges
2 24 -1.5944 32 12.3949 -1.6313 32 12.3925
2 24 1.6313 32 12.3925 1.5944 32 12.3949
2 24 -1.6313 32 12.3925 -3.235 32 12.0738
2 24 3.235 32 12.0738 1.6313 32 12.3925
2 24 -3.235 32 12.0738 -4.7838 32 11.5488
2 24 4.7838 32 11.5488 3.235 32 12.0738
2 24 -4.7838 32 11.5488 -6.25 32 10.825
2 24 6.25 32 10.825 4.7838 32 11.5488
2 24 -6.25 32 10.825 -7.61 32 9.9175
2 24 7.61 32 9.9175 6.25 32 10.825
2 24 -7.61 32 9.9175 -8.8388 32 8.8388
2 24 8.8388 32 8.8388 7.61 32 9.9175
2 24 -8.8388 32 8.8388 -9.9175 32 7.61
2 24 9.9175 32 7.61 8.8388 32 8.8388
2 24 -9.9175 32 7.61 -10.825 32 6.25
2 24 10.825 32 6.25 9.9175 32 7.61
2 24 -10.825 32 6.25 -11.5488 32 4.7838
2 24 11.5488 32 4.7838 10.825 32 6.25
2 24 -11.5488 32 4.7838 -12.0738 32 3.235
2 24 12.0738 32 3.235 11.5488 32 4.7838
2 24 -12.0738 32 3.235 -12.3925 32 1.6313
2 24 12.3925 32 1.6313 12.0738 32 3.235
2 24 -12.3925 32 1.6313 -12.3949 32 1.5944
2 24 12.3949 32 1.5944 12.3925 32 1.6313
2 24 -12.3949 32 -1.5944 -12.3925 32 -1.6313
2 24 12.3925 32 -1.6313 12.3949 32 -1.5944
2 24 -12.3925 32 -1.6313 -12.0738 32 -3.235
2 24 12.0738 32 -3.235 12.3925 32 -1.6313
2 24 -12.0738 32 -3.235 -11.5488 32 -4.7838
2 24 11.5488 32 -4.7838 12.0738 32 -3.235
2 24 -11.5488 32 -4.7838 -10.825 32 -6.25
2 24 10.825 32 -6.25 11.5488 32 -4.7838
2 24 -10.825 32 -6.25 -9.9175 32 -7.61
2 24 9.9175 32 -7.61 10.825 32 -6.25
2 24 -9.9175 32 -7.61 -8.8388 32 -8.8388
2 24 8.8388 32 -8.8388 9.9175 32 -7.61
2 24 -8.8388 32 -8.8388 -7.61 32 -9.9175
2 24 7.61 32 -9.9175 8.8388 32 -8.8388
2 24 -7.61 32 -9.9175 -6.25 32 -10.825
2 24 6.25 32 -10.825 7.61 32 -9.9175
2 24 -6.25 32 -10.825 -4.7838 32 -11.5488
2 24 4.7838 32 -11.5488 6.25 32 -10.825
2 24 -4.7838 32 -11.5488 -3.235 32 -12.0738
2 24 3.235 32 -12.0738 4.7838 32 -11.5488
2 24 -3.235 32 -12.0738 -1.6313 32 -12.3925
2 24 1.6313 32 -12.3925 3.235 32 -12.0738
2 24 -1.6313 32 -12.3925 -1.5944 32 -12.3949
2 24 1.5944 32 -12.3949 1.6313 32 -12.3925
2 24 -1.718 32 13.0515 -1.5944 32 13.0618
2 24 1.5944 32 13.0618 1.718 32 13.0515
2 24 -3.407 32 12.7158 -1.718 32 13.0515
2 24 1.718 32 13.0515 3.407 32 12.7158
2 24 -5.0381 32 12.1629 -3.407 32 12.7158
2 24 3.407 32 12.7158 5.0381 32 12.1629
2 24 -6.5824 32 11.4006 -5.0381 32 12.1629
2 24 5.0381 32 12.1629 6.5824 32 11.4006
2 24 -8.0147 32 10.4449 -6.5824 32 11.4006
2 24 6.5824 32 11.4006 8.0147 32 10.4449
2 24 -9.3088 32 9.3088 -8.0147 32 10.4449
2 24 8.0147 32 10.4449 9.3088 32 9.3088
2 24 -10.4449 32 8.0147 -9.3088 32 9.3088
2 24 9.3088 32 9.3088 10.4449 32 8.0147
2 24 -11.4006 32 6.5824 -10.4449 32 8.0147
2 24 10.4449 32 8.0147 11.4006 32 6.5824
2 24 -12.1629 32 5.0381 -11.4006 32 6.5824
2 24 11.4006 32 6.5824 12.1629 32 5.0381
2 24 -12.7158 32 3.407 -12.1629 32 5.0381
2 24 12.1629 32 5.0381 12.7158 32 3.407
2 24 -13.0515 32 1.718 -12.7158 32 3.407
2 24 12.7158 32 3.407 13.0515 32 1.718
2 24 -13.0618 32 1.5944 -13.0515 32 1.718
2 24 13.0515 32 1.718 13.0618 32 1.5944
2 24 -13.0515 32 -1.718 -13.0618 32 -1.5944
2 24 13.0618 32 -1.5944 13.0515 32 -1.718
2 24 -12.7158 32 -3.407 -13.0515 32 -1.718
2 24 13.0515 32 -1.718 12.7158 32 -3.407
2 24 -12.1629 32 -5.0381 -12.7158 32 -3.407
2 24 12.7158 32 -3.407 12.1629 32 -5.0381
2 24 -11.4006 32 -6.5824 -12.1629 32 -5.0381
2 24 12.1629 32 -5.0381 11.4006 32 -6.5824
2 24 -10.4449 32 -8.0147 -11.4006 32 -6.5824
2 24 11.4006 32 -6.5824 10.4449 32 -8.0147
2 24 -9.3088 32 -9.3088 -10.4449 32 -8.0147
2 24 10.4449 32 -8.0147 9.3088 32 -9.3088
2 24 -8.0147 32 -10.4449 -9.3088 32 -9.3088
2 24 9.3088 32 -9.3088 8.0147 32 -10.4449
2 24 -6.5824 32 -11.4006 -8.0147 32 -10.4449
2 24 8.0147 32 -10.4449 6.5824 32 -11.4006
2 24 -5.0381 32 -12.1629 -6.5824 32 -11.4006
2 24 6.5824 32 -11.4006 5.0381 32 -12.1629
2 24 -3.407 32 -12.7158 -5.0381 32 -12.1629
2 24 5.0381 32 -12.1629 3.407 32 -12.7158
2 24 -1.718 32 -13.0515 -3.407 32 -12.7158
2 24 3.407 32 -12.7158 1.718 32 -13.0515
2 24 -1.5944 32 -13.0618 -1.718 32 -13.0515
2 24 1.718 32 -13.0515 1.5944 32 -13.0618
