0 ~Brick Round  1.4 x  1.4 x  0.6667 Dome Top whitout Outer Faces
0 Name: s\20952s01.dat
0 Author: Massimo Maso [Sirio]
0 !LDRAW_ORG Unofficial_Subpart
0 !LICENSE Redistributable under CCAL version 2.0 : see CAreadme.txt

0 BFC CERTIFY CCW

0 // Top
1 16 0 0 0 6.815 0 0 0 1 0 0 0 6.815 4-4disc.dat
1 16 0 0 0 6.815 0 0 0 1 0 0 0 6.815 4-4edge.dat
0 // Bottom faces
1 16 0 3 0 6 0 0 0 -1 0 0 0 6 4-4disc.dat
0 BFC INVERTNEXT
1 16 0 16 0 6 0 0 0 -13 0 0 0 6 4-4cylo.dat
1 16 0 16 0 3 0 0 0 -1 0 0 0 3 4-4ring2.dat
1 16 0 16 0 9 0 0 0 -7 0 0 0 9 4-4cylo.dat
1 16 0 9 0 1.5 0 0 0 -1 0 0 0 1.5 4-4ring6.dat
0 BFC INVERTNEXT
1 16 0 16 0 10.5 0 0 0 -7 0 0 0 10.5 4-4cylo.dat
1 16 0 16 0 0.5 0 0 0 -1 0 0 0 0.5 4-4rin21.dat
1 16 0 16 0 1 0 0 0 -1 0 0 0 1 4-4rin11.dat
1 16 0 14 0 2 0 0 0 2 0 0 0 2 4-4con6.dat
1 16 0 16 0 12 0 0 0 1 0 0 0 12 4-4edge.dat
1 16 0 14 0 14 0 0 0 1 0 0 0 14 4-4edge.dat
0 // Fillet
1 16 -1.5 11.875 9.621 0 1 0 -2.875 0 0 0 0 0.763 rect.dat
1 16 1.5 11.875 9.621 0 -1 0 2.875 0 0 0 0 0.763 rect.dat
4 16 -1.5 14.75 8.8579 -1.5 14.75 10.3839 -1.3703 14.75 10.4097 -1.1745 14.75 8.9226
4 16 -1.1745 14.75 8.9226 -1.3703 14.75 10.4097 0 14.75 10.5 0 14.75 9
4 16 0 14.75 9 0 14.75 10.5 1.3703 14.75 10.4097 1.1745 14.75 8.9226
4 16 1.1745 14.75 8.9226 1.3703 14.75 10.4097 1.5 14.75 10.3839 1.5 14.75 8.8579
2 24 -1.5 14.75 8.8579 -1.1745 14.75 8.9226
2 24 -1.1745 14.75 8.9226 0 14.75 9
2 24 0 14.75 9 1.1745 14.75 8.9226
2 24 1.1745 14.75 8.9226 1.5 14.75 8.8579
2 24 -1.5 14.75 10.3839 -1.3703 14.75 10.4097
2 24 -1.3703 14.75 10.4097 0 14.75 10.5
2 24 0 14.75 10.5 1.3703 14.75 10.4097
2 24 1.3703 14.75 10.4097 1.5 14.75 10.3839
