0 ~Minifig Headdress Banana Shape without Printed Areas, with Conditional Lines, Half
0 Name: s\25977s01.dat
0 Author: Gerald Lasser [GeraldLasser]
0 !LDRAW_ORG Unofficial_Subpart
0 !LICENSE Redistributable under CCAL version 2.0 : see CAreadme.txt

0 BFC CERTIFY CCW

0 // Top Cone
4 16 0 -7 -13 0 -18.2 -11.25 4.3054 -17.6673 -10.3939 4.9751 -6.7717 -12.0107
3 16 4.9751 -6.7717 -12.0107 4.3054 -17.6673 -10.3939 7.9549 -16.1497 -7.9549
3 16 7.9549 -16.1497 -7.9549 9.1923 -6.1213 -9.1923 4.9751 -6.7717 -12.0107
3 16 12.0107 -5.1481 -4.9751 9.1923 -6.1213 -9.1923 7.9549 -16.1497 -7.9549
3 16 12.0107 -5.1481 -4.9751 7.9549 -16.1497 -7.9549 10.3939 -13.8789 -4.3054
3 16 10.3939 -13.8789 -4.3054 11.25 -11.2 0 13 -4 0
3 16 13 -4 0 12.0107 -5.1481 -4.9751 10.3939 -13.8789 -4.3054
3 16 12.0107 -2.8519 4.9751 13 -4 0 11.25 -11.2 0
3 16 11.25 -11.2 0 10.3939 -8.5211 4.3054 12.0107 -2.8519 4.9751
3 16 10.3939 -8.5211 4.3054 7.9549 -6.2503 7.9549 9.1923 -1.8787 9.1923
3 16 9.1923 -1.8787 9.1923 12.0107 -2.8519 4.9751 10.3939 -8.5211 4.3054
3 16 7.9549 -6.2503 7.9549 4.3054 -4.7327 10.3939 4.9751 -1.2283 12.0107
3 16 4.9751 -1.2283 12.0107 9.1923 -1.8787 9.1923 7.9549 -6.2503 7.9549
3 16 4.3054 -4.7327 10.3939 0 -4.2 11.25 0 -1 13
3 16 0 -1 13 4.9751 -1.2283 12.0107 4.3054 -4.7327 10.3939
5 24 0 -7 -13 4.3054 -17.6673 -10.3939 0 -18.2 -11.25 4.9751 -6.7717 -12.0107
5 24 12.0107 -2.8519 4.9751 13 -4 0 11.25 -11.2 0 12.2879 24 5.0899
5 24 7.9549 -6.2503 7.9549 9.1923 -1.8787 9.1923 4.9751 -1.2283 12.0107 10.3939 -8.5211 4.3054
5 24 0 -1 13 4.9751 -1.2283 12.0107 4.3054 -4.7327 10.3939 0 24 13.3
5 24 13 -4 0 10.3939 -13.8789 -4.3054 12.0107 -5.1481 -4.9751 11.25 -11.2 0
5 24 13 -4 0 12.0107 -5.1481 -4.9751 13.3 24 0 10.3939 -13.8789 -4.3054
5 24 9.1923 -1.8787 9.1923 12.0107 -2.8519 4.9751 10.3939 -8.5211 4.3054 9.4044 24 9.4044
5 24 10.3939 -8.5211 4.3054 12.0107 -2.8519 4.9751 9.1923 -1.8787 9.1923 11.25 -11.2 0
5 24 11.25 -11.2 0 12.0107 -2.8519 4.9751 10.3939 -8.5211 4.3054 13 -4 0
5 24 4.9751 -1.2283 12.0107 7.9549 -6.2503 7.9549 9.1923 -1.8787 9.1923 4.3054 -4.7327 10.3939
5 24 10.3939 -13.8789 -4.3054 12.0107 -5.1481 -4.9751 13 -4 0 7.9549 -16.1497 -7.9549
5 24 7.9549 -16.1497 -7.9549 9.1923 -6.1213 -9.1923 4.9751 -6.7717 -12.0107 12.0107 -5.1481 -4.9751
5 24 0 -1 13 4.3054 -4.7327 10.3939 4.9751 -1.2283 12.0107 0 -4.2 11.25
5 24 12.0107 -5.1481 -4.9751 9.1923 -6.1213 -9.1923 12.2879 24 -5.0899 7.9549 -16.1497 -7.9549
5 24 9.1923 -1.8787 9.1923 10.3939 -8.5211 4.3054 12.0107 -2.8519 4.9751 7.9549 -6.2503 7.9549
5 24 7.9549 -16.1497 -7.9549 12.0107 -5.1481 -4.9751 10.3939 -13.8789 -4.3054 9.1923 -6.1213 -9.1923
5 24 4.9751 -6.7717 -12.0107 0 -7 -13 0 -18.2 -11.25 3.9248 3.4954 -12.3197
5 24 4.3054 -4.7327 10.3939 4.9751 -1.2283 12.0107 0 -1 13 7.9549 -6.2503 7.9549
5 24 7.9549 -16.1497 -7.9549 4.9751 -6.7717 -12.0107 4.3054 -17.6673 -10.3939 9.1923 -6.1213 -9.1923
5 24 4.9751 -1.2283 12.0107 9.1923 -1.8787 9.1923 7.9549 -6.2503 7.9549 5.0899 24 12.2879
5 24 11.25 -11.2 0 13 -4 0 12.0107 -2.8519 4.9751 10.3939 -13.8789 -4.3054
5 24 4.9751 -6.7717 -12.0107 4.3054 -17.6673 -10.3939 0 -7 -13 7.9549 -16.1497 -7.9549
5 24 9.1923 -6.1213 -9.1923 4.9751 -6.7717 -12.0107 6.6369 4.0611 -11.0218 7.9549 -16.1497 -7.9549

0 // Cylincer With Face Cut-Out
4 16 4.9751 -1.2283 12.0107 0 -1 13 0 24 13.3 5.0899 24 12.2879
4 16 9.1923 -1.8787 9.1923 4.9751 -1.2283 12.0107 5.0899 24 12.2879 8.223 24 10.177
3 16 9.1923 -1.8787 9.1923 8.223 24 10.177 9.4044 24 9.4044
4 16 9.4044 24 9.4044 12.2879 24 5.0899 12.0107 -2.8519 4.9751 9.1923 -1.8787 9.1923
4 16 12.0107 -2.8519 4.9751 12.2879 24 5.0899 13.3 24 0 13 -4 0
4 16 13 -4 0 13.3 24 0 12.2879 24 -5.0899 12.0107 -5.1481 -4.9751
4 16 12.0107 -5.1481 -4.9751 12.2879 24 -5.0899 9.4044 24 -9.4044 9.1923 -6.1213 -9.1923
4 16 4.9751 -6.7717 -12.0107 9.1923 -6.1213 -9.1923 6.6369 4.0611 -11.0218 5.0138 3.6007 -12.1041
3 16 6.6369 4.0611 -11.0218 9.1923 -6.1213 -9.1923 7.9882 4.826 -10.1256
3 16 8.4064 6.1585 -9.8617 7.9882 4.826 -10.1256 9.1923 -6.1213 -9.1923
3 16 8.6396 7.6639 -9.7237 8.4064 6.1585 -9.8617 9.1923 -6.1213 -9.1923
3 16 8.3672 13.1788 -10 8.5941 10.4487 -9.7868 9.4044 24 -9.4044
3 16 8.3672 13.1788 -10 9.4044 24 -9.4044 7.7315 15.4191 -10.4216
4 16 6.2118 17.0205 -11.4561 7.7315 15.4191 -10.4216 8.2646 24 -10.1662 5.0899 24 -12.2879
3 16 7.7315 15.4191 -10.4216 9.4044 24 -9.4044 8.2646 24 -10.1662
3 16 6.2118 17.0205 -11.4561 5.0899 24 -12.2879 5.0657 17.5219 -12.2295
4 16 9.1923 -6.1213 -9.1923 9.4044 24 -9.4044 8.5941 10.4487 -9.7868 8.6396 7.6639 -9.7237
4 16 4.9751 -6.7717 -12.0107 3.9248 3.4954 -12.3197 0 3.3628 -13.1003 0 -7 -13
3 16 5.0138 3.6007 -12.1041 3.9248 3.4954 -12.3197 4.9751 -6.7717 -12.0107
3 16 0 24 -13.4 0 18.1111 -13.243 3.4259 17.9545 -12.5598
3 16 0 24 -13.4 3.4259 17.9545 -12.5598 5.0899 24 -12.2879
3 16 5.0899 24 -12.2879 3.4259 17.9545 -12.5598 5.0657 17.5219 -12.2295
5 24 12.0107 -2.8519 4.9751 13.3 24 0 12.2879 24 5.0899 13 -4 0
5 24 13 -4 0 12.2879 24 -5.0899 13.3 24 0 12.0107 -5.1481 -4.9751
5 24 12.0107 -5.1481 -4.9751 9.4044 24 -9.4044 12.2879 24 -5.0899 9.1923 -6.1213 -9.1923
5 24 13.3 24 0 13 -4 0 12.2879 24 -5.0899 12.0107 -2.8519 4.9751
5 24 9.1923 -1.8787 9.1923 8.223 24 10.177 9.4044 24 9.4044 4.9751 -1.2283 12.0107
5 24 8.223 24 10.177 5.0899 24 12.2879 8.325 50 10.897 9.1923 -1.8787 9.1923
5 24 9.4044 24 -9.4044 8.3672 13.1788 -10 7.7315 15.4191 -10.4216 8.5941 10.4487 -9.7868
5 24 5.0899 24 -12.2879 0 24 -13.4 0 51.754 -13.4 3.4259 17.9545 -12.5598
5 24 12.2879 24 5.0899 12.0107 -2.8519 4.9751 13.3 24 0 9.1923 -1.8787 9.1923
5 24 9.4044 24 -9.4044 9.1923 -6.1213 -9.1923 12.0107 -5.1481 -4.9751 8.5941 10.4487 -9.7868
5 24 9.4044 24 9.4044 9.1923 -1.8787 9.1923 12.2879 24 5.0899 8.223 24 10.177
5 24 5.0899 24 12.2879 4.9751 -1.2283 12.0107 8.223 24 10.177 0 -1 13
5 24 5.0899 24 -12.2879 5.0657 17.5219 -12.2295 3.4259 17.9545 -12.5598 6.2118 17.0205 -11.4561
5 24 0 24 13.3 5.0899 24 12.2879 0 50 13.393 4.9751 -1.2283 12.0107
5 24 8.5941 10.4487 -9.7868 9.4044 24 -9.4044 8.3672 13.1788 -10 8.6396 7.6639 -9.7237
5 24 9.4044 24 -9.4044 7.7315 15.4191 -10.4216 8.3672 13.1788 -10 8.2646 24 -10.1662
5 24 12.2879 24 -5.0899 12.0107 -5.1481 -4.9751 9.4044 24 -9.4044 13 -4 0
5 24 4.9751 -6.7717 -12.0107 5.0138 3.6007 -12.1041 9.1923 -6.1213 -9.1923 3.9248 3.4954 -12.3197
5 24 3.4259 17.9545 -12.5598 5.0899 24 -12.2879 5.0657 17.5219 -12.2295 0 24 -13.4
5 24 3.4259 17.9545 -12.5598 0 24 -13.4 5.0899 24 -12.2879 0 18.1111 -13.243

0 // Window
3 16 3.9248 3.4954 -12.3197 5.0138 3.6007 -12.1041 4.1858 2.2643 -15.9179
3 16 4.1858 2.2643 -15.9179 5.0138 3.6007 -12.1041 6.6369 4.0611 -11.0218
3 16 10.6103 7.2825 -13.5407 10.1488 4.8428 -13.8557 8.4064 6.1585 -9.8617
3 16 8.4064 6.1585 -9.8617 8.6396 7.6639 -9.7237 10.6103 7.2825 -13.5407
3 16 10.1488 4.8428 -13.8557 9.5052 3.8729 -14.1836 7.9882 4.826 -10.1256
3 16 7.9882 4.826 -10.1256 8.4064 6.1585 -9.8617 10.1488 4.8428 -13.8557
4 16 6.6369 4.0611 -11.0218 7.9882 4.826 -10.1256 9.5052 3.8729 -14.1836 7.6409 3.0374 -14.8349
3 16 6.6369 4.0611 -11.0218 7.6409 3.0374 -14.8349 4.1858 2.2643 -15.9179
3 16 3.9248 3.4954 -12.3197 4.1858 2.2643 -15.9179 0 2.1029 -16.4912
3 16 3.9248 3.4954 -12.3197 0 2.1029 -16.4912 0 3.3628 -13.1003
3 16 0 19.8427 -17.031 4.1512 19.2988 -16.1283 3.4259 17.9545 -12.5598
3 16 3.4259 17.9545 -12.5598 0 18.1111 -13.243 0 19.8427 -17.031
3 16 6.2118 17.0205 -11.4561 7.8089 17.7726 -15.1699 9.2421 16.5519 -14.6462
3 16 6.2118 17.0205 -11.4561 9.2421 16.5519 -14.6462 7.7315 15.4191 -10.4216
3 16 7.7315 15.4191 -10.4216 9.2421 16.5519 -14.6462 10.2259 14.2455 -14.2072
3 16 8.3672 13.1788 -10 10.2259 14.2455 -14.2072 10.573 9.6425 -13.6281
3 16 10.573 9.6425 -13.6281 8.5941 10.4487 -9.7868 8.3672 13.1788 -10
4 16 10.6103 7.2825 -13.5407 8.6396 7.6639 -9.7237 8.5941 10.4487 -9.7868 10.573 9.6425 -13.6281
3 16 3.4259 17.9545 -12.5598 4.1512 19.2988 -16.1283 6.0143 18.6932 -15.6344
3 16 6.0143 18.6932 -15.6344 5.0657 17.5219 -12.2295 3.4259 17.9545 -12.5598
3 16 5.0657 17.5219 -12.2295 6.0143 18.6932 -15.6344 6.2118 17.0205 -11.4561
3 16 6.2118 17.0205 -11.4561 6.0143 18.6932 -15.6344 7.8089 17.7726 -15.1699
3 16 8.3672 13.1788 -10 7.7315 15.4191 -10.4216 10.2259 14.2455 -14.2072
2 24 4.1858 2.2643 -15.9179 0 2.1029 -16.4912
2 24 9.5052 3.8729 -14.1836 10.1488 4.8428 -13.8557
2 24 8.7385 3.5264 -14.4612 9.5052 3.8729 -14.1836
2 24 8.7385 3.5264 -14.4612 7.6409 3.0374 -14.8349
2 24 7.6409 3.0374 -14.8349 4.1858 2.2643 -15.9179
2 24 9.2421 16.5519 -14.6462 7.8089 17.7726 -15.1699
2 24 9.2421 16.5519 -14.6462 10.2259 14.2455 -14.2072
2 24 10.2259 14.2455 -14.2072 10.573 9.6425 -13.6281
2 24 4.1512 19.2988 -16.1283 6.0143 18.6932 -15.6344
2 24 6.0143 18.6932 -15.6344 7.8089 17.7726 -15.1699
2 24 4.1512 19.2988 -16.1283 0 19.8427 -17.031
2 24 10.573 9.6425 -13.6281 10.6103 7.2825 -13.5407
2 24 10.1488 4.8428 -13.8557 10.6103 7.2825 -13.5407
2 24 0 3.3628 -13.1003 3.9248 3.4954 -12.3197
2 24 3.9248 3.4954 -12.3197 5.0138 3.6007 -12.1041
2 24 5.0138 3.6007 -12.1041 6.6369 4.0611 -11.0218
2 24 8.4064 6.1585 -9.8617 8.6396 7.6639 -9.7237
2 24 8.6396 7.6639 -9.7237 8.5941 10.4487 -9.7868
2 24 8.5941 10.4487 -9.7868 8.3672 13.1788 -10
2 24 7.7315 15.4191 -10.4216 8.3672 13.1788 -10
2 24 6.2118 17.0205 -11.4561 7.7315 15.4191 -10.4216
2 24 5.0657 17.5219 -12.2295 6.2118 17.0205 -11.4561
2 24 3.4259 17.9545 -12.5598 5.0657 17.5219 -12.2295
2 24 0 18.1111 -13.243 3.4259 17.9545 -12.5598
2 24 6.6369 4.0611 -11.0218 7.9882 4.826 -10.1256
2 24 7.9882 4.826 -10.1256 8.4064 6.1585 -9.8617

5 24 10.6103 7.2825 -13.5407 8.5941 10.4487 -9.7868 8.6396 7.6639 -9.7237 10.573 9.6425 -13.6281
5 24 6.6369 4.0611 -11.0218 9.5052 3.8729 -14.1836 7.9882 4.826 -10.1256 7.6409 3.0374 -14.8349
5 24 6.2118 17.0205 -11.4561 7.8089 17.7726 -15.1699 9.2421 16.5519 -14.6462 6.0143 18.6932 -15.6344
5 24 4.1512 19.2988 -16.1283 3.4259 17.9545 -12.5598 0 19.8427 -17.031 6.0143 18.6932 -15.6344
5 24 9.2421 16.5519 -14.6462 7.7315 15.4191 -10.4216 6.2118 17.0205 -11.4561 10.2259 14.2455 -14.2072
5 24 3.4259 17.9545 -12.5598 0 19.8427 -17.031 0 18.1111 -13.243 4.1512 19.2988 -16.1283
5 24 8.3672 13.1788 -10 10.2259 14.2455 -14.2072 7.7315 15.4191 -10.4216 10.573 9.6425 -13.6281
5 24 10.1488 4.8428 -13.8557 8.4064 6.1585 -9.8617 7.9882 4.826 -10.1256 10.6103 7.2825 -13.5407
5 24 6.6369 4.0611 -11.0218 4.1858 2.2643 -15.9179 7.6409 3.0374 -14.8349 5.0138 3.6007 -12.1041
5 24 8.4064 6.1585 -9.8617 10.6103 7.2825 -13.5407 8.6396 7.6639 -9.7237 10.1488 4.8428 -13.8557
5 24 0 2.1029 -16.4912 3.9248 3.4954 -12.3197 0 3.3628 -13.1003 4.1858 2.2643 -15.9179
5 24 6.0143 18.6932 -15.6344 3.4259 17.9545 -12.5598 5.0657 17.5219 -12.2295 4.1512 19.2988 -16.1283
5 24 5.0138 3.6007 -12.1041 4.1858 2.2643 -15.9179 6.6369 4.0611 -11.0218 3.9248 3.4954 -12.3197
5 24 10.573 9.6425 -13.6281 8.5941 10.4487 -9.7868 10.6103 7.2825 -13.5407 8.3672 13.1788 -10
5 24 10.573 9.6425 -13.6281 8.3672 13.1788 -10 8.5941 10.4487 -9.7868 10.2259 14.2455 -14.2072
5 24 6.0143 18.6932 -15.6344 5.0657 17.5219 -12.2295 3.4259 17.9545 -12.5598 6.2118 17.0205 -11.4561
5 24 9.5052 3.8729 -14.1836 7.9882 4.826 -10.1256 10.1488 4.8428 -13.8557 7.6409 3.0374 -14.8349
5 24 4.1858 2.2643 -15.9179 3.9248 3.4954 -12.3197 0 2.1029 -16.4912 5.0138 3.6007 -12.1041
5 24 7.9882 4.826 -10.1256 10.1488 4.8428 -13.8557 8.4064 6.1585 -9.8617 9.5052 3.8729 -14.1836
5 24 6.0143 18.6932 -15.6344 6.2118 17.0205 -11.4561 7.8089 17.7726 -15.1699 5.0657 17.5219 -12.2295
5 24 10.2259 14.2455 -14.2072 7.7315 15.4191 -10.4216 9.2421 16.5519 -14.6462 8.3672 13.1788 -10
2 24 7.6409 3.0374 -14.8349 9.5052 3.8729 -14.1836
5 24 8.6396 7.6639 -9.7237 10.6103 7.2825 -13.5407 8.5941 10.4487 -9.7868 8.4064 6.1585 -9.8617
5 24 9.2421 16.5519 -14.6462 6.2118 17.0205 -11.4561 7.7315 15.4191 -10.4216 7.8089 17.7726 -15.1699
5 24 6.6369 4.0611 -11.0218 7.6409 3.0374 -14.8349 4.1858 2.2643 -15.9179 7.9882 4.826 -10.1256

0 // Shoulder
3 16 9.4044 24 9.4044 8.223 24 10.177 14 24 10
3 16 14 24 10 12.2879 24 5.0899 9.4044 24 9.4044
4 16 13.3 24 0 12.2879 24 5.0899 14 24 10 14 24 0
4 16 13.3 24 0 14 24 0 14 24 -10 12.2879 24 -5.0899
3 16 14 24 -10 8.2646 24 -10.1662 9.4044 24 -9.4044
3 16 9.4044 24 -9.4044 12.2879 24 -5.0899 14 24 -10
2 24 8.223 24 10.177 9.4044 24 9.4044
2 24 9.4044 24 9.4044 12.2879 24 5.0899
2 24 12.2879 24 5.0899 13.3 24 0
2 24 13.3 24 0 12.2879 24 -5.0899
2 24 8.2646 24 -10.1662 9.4044 24 -9.4044
2 24 9.4044 24 -9.4044 12.2879 24 -5.0899
2 24 14 24 10 8.223 24 10.177
2 24 14 24 0 14 24 10
2 24 14 24 -10 14 24 0
2 24 8.2646 24 -10.1662 14 24 -10

3 16 15.4355 31.2737 10.0679 15.2917 30.4817 9.701 14 24 10
3 16 15.2917 30.4817 9.701 14.6821 27.0755 7.4246 14 24 10
3 16 14.2284 24.7991 -4.0184 14 24 -10 14 24 0
3 16 14 24 10 14.1772 24.7991 4.0184 14 24 0
3 16 14.1772 24.7991 4.0184 14 24 10 14.6821 27.0755 7.4246
3 16 14 24 -10 15.3404 30.4817 -9.701 15.717 32.529 -10.338
3 16 14.7515 27.0755 -7.4246 15.3404 30.4817 -9.701 14 24 -10
3 16 14.7515 27.0755 -7.4246 14 24 -10 14.2284 24.7991 -4.0184
2 24 15.717 32.529 -10.338 15.3404 30.4817 -9.701
2 24 14 24 0 14.1772 24.7991 4.0184
2 24 14 24 0 14.2284 24.7991 -4.0184
2 24 14.2284 24.7991 -4.0184 14.7515 27.0755 -7.4246
2 24 14.7515 27.0755 -7.4246 15.3404 30.4817 -9.701
2 24 14.1772 24.7991 4.0184 14.6821 27.0755 7.4246
2 24 15.4355 31.2737 10.0679 14 24 10
2 24 15.717 32.529 -10.338 14 24 -10
2 24 15.2917 30.4817 9.701 14.6821 27.0755 7.4246
2 24 15.2917 30.4817 9.701 15.4355 31.2737 10.0679

3 16 8.223 24 10.177 8.325 50 10.897 11.937 47.432 10.982
3 16 8.223 24 10.177 11.937 47.432 10.982 14.136 42.732 10.873
3 16 14.136 42.732 10.873 15.786 36.749 10.735 15.4355 31.2737 10.0679
3 16 15.4355 31.2737 10.0679 8.223 24 10.177 14.136 42.732 10.873
3 16 15.4355 31.2737 10.0679 14 24 10 8.223 24 10.177
3 16 13.171 59.561 -11.486 9.992 68.389 -11.436 7.88 58.971 -11.111
3 16 7.88 58.971 -11.111 9.992 68.389 -11.436 7.88 72.768 -11.551
3 16 15.371 48.674 -11.246 13.171 59.561 -11.486 7.878 48.184 -11.122
3 16 7.878 48.184 -11.122 13.171 59.561 -11.486 7.88 58.971 -11.111
3 16 15.371 48.674 -11.246 7.878 48.184 -11.122 15.717 32.529 -10.338
4 16 15.717 32.529 -10.338 7.878 48.184 -11.122 8.2646 24 -10.1662 14 24 -10
4 16 18.2814 24.7991 4.0184 18.555 24 0 14 24 0 14.1772 24.7991 4.0184
4 16 18.2814 24.7991 4.0184 14.1772 24.7991 4.0184 14.6821 27.0755 7.4246 17.7568 27.0755 7.4246
4 16 16.9803 30.4817 9.701 17.7568 27.0755 7.4246 14.6821 27.0755 7.4246 15.2917 30.4817 9.701
4 16 14.2284 24.7991 -4.0184 14 24 0 18.555 24 0 18.139 24.7991 -4.0184
4 16 14.7515 27.0755 -7.4246 14.2284 24.7991 -4.0184 18.139 24.7991 -4.0184 17.8594 27.0708 -7.4176
4 16 17.1202 30.4817 -9.701 15.3404 30.4817 -9.701 14.7515 27.0755 -7.4246 17.8594 27.0708 -7.4176
3 16 15.2917 30.4817 9.701 15.4355 31.2737 10.0679 16.9803 30.4817 9.701
3 16 16.9803 30.4817 9.701 15.4355 31.2737 10.0679 16.1905 34.5 10.5
3 16 15.717 32.529 -10.338 15.3404 30.4817 -9.701 17.1202 30.4817 -9.701
3 16 15.717 32.529 -10.338 17.1202 30.4817 -9.701 16.6759 34.5 -10.5
3 16 15.717 32.529 -10.338 16.6759 34.5 -10.5 15.371 48.674 -11.246
3 16 16.1905 34.5 10.5 15.4355 31.2737 10.0679 15.786 36.749 10.735

2 24 7.878 48.184 -11.122 7.88 58.971 -11.111
2 24 7.88 58.971 -11.111 7.88 72.768 -11.551
2 24 7.878 48.184 -11.122 8.2646 24 -10.1662
2 24 8.223 24 10.177 8.325 50 10.897
5 24 15.717 32.529 -10.338 8.2646 24 -10.1662 7.878 48.184 -11.122 14 24 -10
5 24 16.6759 34.5 -10.5 15.717 32.529 -10.338 17.1202 30.4817 -9.701 15.371 48.674 -11.246
5 24 16.9803 30.4817 9.701 15.2917 30.4817 9.701 15.4355 31.2737 10.0679 17.7568 27.0755 7.4246
5 24 7.88 58.971 -11.111 13.171 59.561 -11.486 7.878 48.184 -11.122 9.992 68.389 -11.436
5 24 14.6821 27.0755 7.4246 17.7568 27.0755 7.4246 15.2917 30.4817 9.701 18.2814 24.7991 4.0184
5 24 14.136 42.732 10.873 8.223 24 10.177 11.937 47.432 10.982 15.4355 31.2737 10.0679
5 24 18.139 24.7991 -4.0184 14.2284 24.7991 -4.0184 14 24 0 17.8594 27.0708 -7.4176
5 24 11.937 47.432 10.982 8.223 24 10.177 8.325 50 10.897 14.136 42.732 10.873
5 24 15.4355 31.2737 10.0679 16.9803 30.4817 9.701 16.1905 34.5 10.5 15.2917 30.4817 9.701
5 24 7.878 48.184 -11.122 15.371 48.674 -11.246 15.717 32.529 -10.338 13.171 59.561 -11.486
5 24 15.4355 31.2737 10.0679 16.1905 34.5 10.5 16.9803 30.4817 9.701 15.786 36.749 10.735
5 24 15.3404 30.4817 -9.701 17.1202 30.4817 -9.701 14.7515 27.0755 -7.4246 15.717 32.529 -10.338
5 24 7.878 48.184 -11.122 15.717 32.529 -10.338 8.2646 24 -10.1662 15.371 48.674 -11.246
5 24 15.4355 31.2737 10.0679 8.223 24 10.177 14.136 42.732 10.873 14 24 10
5 24 17.8594 27.0708 -7.4176 14.7515 27.0755 -7.4246 17.1202 30.4817 -9.701 14.2284 24.7991 -4.0184
5 24 14.1772 24.7991 4.0184 18.2814 24.7991 4.0184 18.555 24 0 14.6821 27.0755 7.4246
5 24 17.1202 30.4817 -9.701 15.717 32.529 -10.338 15.3404 30.4817 -9.701 16.6759 34.5 -10.5
5 24 18.555 24 0 14 24 0 14.1772 24.7991 4.0184 18.139 24.7991 -4.0184
5 24 15.371 48.674 -11.246 15.717 32.529 -10.338 16.6759 34.5 -10.5 7.878 48.184 -11.122
5 24 15.4355 31.2737 10.0679 15.786 36.749 10.735 16.1905 34.5 10.5 14.136 42.732 10.873
5 24 13.171 59.561 -11.486 7.878 48.184 -11.122 7.88 58.971 -11.111 15.371 48.674 -11.246
5 24 15.4355 31.2737 10.0679 14.136 42.732 10.873 15.786 36.749 10.735 8.223 24 10.177
5 24 9.992 68.389 -11.436 7.88 58.971 -11.111 7.88 72.768 -11.551 13.171 59.561 -11.486

0 // Bottom Tube Remains
4 16 5.1282 50 12.3803 5.0899 24 12.2879 0 24 13.3 0 50 13.393
3 16 5.0899 24 12.2879 5.1282 50 12.3803 8.325 50 10.897
3 16 8.325 50 10.897 8.223 24 10.177 5.0899 24 12.2879
3 16 7.88 72.768 -11.551 5.2341 74.9406 -12.6361 7.88 58.971 -11.111
3 16 7.88 58.971 -11.111 5.2341 74.9406 -12.6361 5.1282 49.8353 -12.3803
3 16 5.1282 49.8353 -12.3803 5.2341 74.9406 -12.6361 3.458 50.804 -12.975
3 16 3.458 50.804 -12.975 5.2341 74.9406 -12.6361 4.52 75.527 -12.929
3 16 0 24 -13.4 5.0899 24 -12.2879 0 51.754 -13.4
3 16 0 51.754 -13.4 5.0899 24 -12.2879 3.458 50.804 -12.975
3 16 3.458 50.804 -12.975 5.0899 24 -12.2879 5.1282 49.8353 -12.3803
3 16 5.1282 49.8353 -12.3803 5.0899 24 -12.2879 7.878 48.184 -11.122
3 16 0 73.347 -18.13 0 51.754 -13.4 2.486 73.519 -17.727
3 16 2.486 73.519 -17.727 0 51.754 -13.4 3.458 50.804 -12.975
3 16 3.458 50.804 -12.975 4.52 75.527 -12.929 2.486 73.519 -17.727
3 16 2.486 73.519 -17.727 4.52 75.527 -12.929 1.884 80.751 -20.477
3 16 0 80.827 -20.521 0 73.347 -18.13 1.884 80.751 -20.477
3 16 1.884 80.751 -20.477 0 73.347 -18.13 2.486 73.519 -17.727
3 16 5.1282 49.8353 -12.3803 7.878 48.184 -11.122 7.88 58.971 -11.111
3 16 5.0899 24 -12.2879 8.2646 24 -10.1662 7.878 48.184 -11.122
2 24 8.325 50 10.897 11.937 47.432 10.982
2 24 0 80.827 -20.521 1.884 80.751 -20.477
2 24 1.884 80.751 -20.477 4.52 75.527 -12.929
2 24 4.52 75.527 -12.929 3.458 50.804 -12.975
2 24 5.2341 74.9406 -12.6361 7.88 72.768 -11.551
2 24 4.52 75.527 -12.929 5.2341 74.9406 -12.6361
2 24 0 51.754 -13.4 3.458 50.804 -12.975
2 24 3.458 50.804 -12.975 2.486 73.519 -17.727
2 24 1.884 80.751 -20.477 2.486 73.519 -17.727

5 24 5.0899 24 -12.2879 0 51.754 -13.4 3.458 50.804 -12.975 0 24 -13.4
5 24 5.2341 74.9406 -12.6361 3.458 50.804 -12.975 4.52 75.527 -12.929 5.1282 49.8353 -12.3803
5 24 5.0899 24 -12.2879 5.1282 49.8353 -12.3803 7.878 48.184 -11.122 3.458 50.804 -12.975
2 24 0 50 13.393 5.1282 50 12.3803
5 24 5.1282 49.8353 -12.3803 7.878 48.184 -11.122 5.0899 24 -12.2879 7.88 58.971 -11.111
5 24 5.0899 24 -12.2879 8.2646 24 -10.1662 6.2118 17.0205 -11.4561 7.878 48.184 -11.122
5 24 8.325 50 10.897 9.647 50 11.603 5.1282 50 12.3803 11.937 47.432 10.982
5 24 3.458 50.804 -12.975 5.1282 49.8353 -12.3803 5.0899 24 -12.2879 5.2341 74.9406 -12.6361
5 24 7.88 58.971 -11.111 5.1282 49.8353 -12.3803 7.878 48.184 -11.122 5.2341 74.9406 -12.6361
5 24 5.0899 24 12.2879 5.1282 50 12.3803 0 24 13.3 8.325 50 10.897
5 24 0 51.754 -13.4 2.486 73.519 -17.727 3.458 50.804 -12.975 0 73.347 -18.13
5 24 4.52 75.527 -12.929 2.486 73.519 -17.727 1.884 80.751 -20.477 3.458 50.804 -12.975
5 24 0 73.347 -18.13 2.486 73.519 -17.727 1.884 80.751 -20.477 0 51.754 -13.4
5 24 7.878 48.184 -11.122 5.0899 24 -12.2879 8.2646 24 -10.1662 5.1282 49.8353 -12.3803
5 24 5.0899 24 -12.2879 3.458 50.804 -12.975 5.1282 49.8353 -12.3803 0 51.754 -13.4
5 24 5.2341 74.9406 -12.6361 5.1282 49.8353 -12.3803 3.458 50.804 -12.975 7.88 58.971 -11.111
5 24 0 73.347 -18.13 1.884 80.751 -20.477 2.486 73.519 -17.727 0 80.827 -20.521
5 24 5.2341 74.9406 -12.6361 7.88 58.971 -11.111 5.1282 49.8353 -12.3803 7.88 72.768 -11.551
5 24 8.325 50 10.897 5.0899 24 12.2879 5.1282 50 12.3803 8.223 24 10.177

0 // Outside - Top Strunk
2 24 3.989 -31.366 -20.542 4.192 -36.074 -21.924
2 24 2.093 -31.035 -21.373 3.989 -31.366 -20.542
2 24 4.192 -36.074 -21.924 2.226 -35.938 -23.136
2 24 4.893 -32.477 -17.839 5.135 -33.221 -15.322
2 24 5.135 -33.221 -15.322 4.823 -38.836 -16.316
2 24 4.823 -38.836 -16.316 4.8 -37.6 -19.262
2 24 3.102 -38.909 -14.694 4.013 -38.885 -15.443
2 24 3.885 -33.83 -13.542 3.102 -38.909 -14.694
2 24 4.559 -33.59 -14.384 3.885 -33.83 -13.542
2 24 3.885 -33.83 -13.542 1.884 -33.954 -13.421
2 24 1.447 -39.023 -14.378 3.102 -38.909 -14.694
2 24 1.884 -33.954 -13.421 0 -33.967 -13.372
2 24 0 -38.998 -14.245 1.447 -39.023 -14.378
2 24 0 -30.934 -21.62 2.093 -31.035 -21.373
2 24 2.226 -35.938 -23.136 0 -36.044 -23.162
2 24 4.192 -36.074 -21.924 4.8 -37.6 -19.262
2 24 3.989 -31.366 -20.542 4.893 -32.477 -17.839
2 24 4.823 -38.836 -16.316 4.013 -38.885 -15.443
2 24 5.135 -33.221 -15.322 4.559 -33.59 -14.384
5 24 4.823 -38.836 -16.316 2.416 -37.735 -20.194 2.494 -38.748 -17.709 4.8 -37.6 -19.262
5 24 2.416 -37.735 -20.194 0 -38.45 -18.952 2.494 -38.748 -17.709 0 -37.447 -21.084
5 24 2.416 -37.735 -20.194 2.494 -38.748 -17.709 4.8 -37.6 -19.262 0 -38.45 -18.952
5 24 2.494 -38.748 -17.709 0 -38.45 -18.952 0 -39.149 -16.6 2.416 -37.735 -20.194
5 24 4.893 -32.477 -17.839 4.192 -36.074 -21.924 4.8 -37.6 -19.262 3.989 -31.366 -20.542
5 24 4.013 -38.885 -15.443 4.559 -33.59 -14.384 4.823 -38.836 -16.316 3.885 -33.83 -13.542
5 24 1.968 -39.156 -16.043 3.102 -38.909 -14.694 4.013 -38.885 -15.443 1.447 -39.023 -14.378
5 24 1.884 -33.954 -13.421 1.447 -39.023 -14.378 0 -33.967 -13.372 3.102 -38.909 -14.694
5 24 0 -33.967 -13.372 1.447 -39.023 -14.378 0 -38.998 -14.245 1.884 -33.954 -13.421
5 24 1.968 -39.156 -16.043 4.013 -38.885 -15.443 2.494 -38.748 -17.709 3.102 -38.909 -14.694
5 24 2.226 -35.938 -23.136 0 -30.934 -21.62 2.093 -31.035 -21.373 0 -36.044 -23.162
5 24 0 -39.149 -16.6 1.968 -39.156 -16.043 2.494 -38.748 -17.709 1.447 -39.023 -14.378
5 24 4.192 -36.074 -21.924 2.093 -31.035 -21.373 3.989 -31.366 -20.542 2.226 -35.938 -23.136
5 24 2.494 -38.748 -17.709 4.823 -38.836 -16.316 4.013 -38.885 -15.443 2.416 -37.735 -20.194
5 24 1.447 -39.023 -14.378 0 -39.149 -16.6 0 -38.998 -14.245 1.968 -39.156 -16.043
5 24 2.494 -38.748 -17.709 4.013 -38.885 -15.443 4.823 -38.836 -16.316 1.968 -39.156 -16.043
5 24 1.884 -33.954 -13.421 3.102 -38.909 -14.694 1.447 -39.023 -14.378 3.885 -33.83 -13.542
5 24 2.416 -37.735 -20.194 4.192 -36.074 -21.924 2.226 -35.938 -23.136 4.8 -37.6 -19.262
5 24 1.447 -39.023 -14.378 1.968 -39.156 -16.043 3.102 -38.909 -14.694 0 -39.149 -16.6
5 24 2.226 -35.938 -23.136 2.416 -37.735 -20.194 0 -37.447 -21.084 4.192 -36.074 -21.924
5 24 0 -39.149 -16.6 2.494 -38.748 -17.709 0 -38.45 -18.952 1.968 -39.156 -16.043
5 24 4.823 -38.836 -16.316 4.559 -33.59 -14.384 5.135 -33.221 -15.322 4.013 -38.885 -15.443
5 24 2.226 -35.938 -23.136 0 -37.447 -21.084 2.416 -37.735 -20.194 0 -36.044 -23.162
5 24 4.013 -38.885 -15.443 3.885 -33.83 -13.542 4.559 -33.59 -14.384 3.102 -38.909 -14.694
5 24 4.8 -37.6 -19.262 2.416 -37.735 -20.194 4.823 -38.836 -16.316 4.192 -36.074 -21.924
5 24 4.8 -37.6 -19.262 5.135 -33.221 -15.322 4.893 -32.477 -17.839 4.823 -38.836 -16.316
5 24 0 -37.447 -21.084 2.416 -37.735 -20.194 2.226 -35.938 -23.136 0 -38.45 -18.952
5 24 2.494 -38.748 -17.709 1.968 -39.156 -16.043 4.013 -38.885 -15.443 0 -39.149 -16.6
5 24 2.093 -31.035 -21.373 2.226 -35.938 -23.136 4.192 -36.074 -21.924 0 -30.934 -21.62
5 24 4.8 -37.6 -19.262 4.893 -32.477 -17.839 4.192 -36.074 -21.924 5.135 -33.221 -15.322

0 // Outside - Back
3 16 1.884 -33.954 -13.421 0 -29.078 -5.258 0 -33.967 -13.372
4 16 0 -29.078 -5.258 1.884 -33.954 -13.421 3.885 -33.83 -13.542 3.204 -28.799 -5.289
3 16 3.204 -28.799 -5.289 3.885 -33.83 -13.542 6.295 -28.501 -6.015
3 16 3.204 -28.799 -5.289 6.295 -28.501 -6.015 5.208 -17.792 5.011
3 16 5.208 -17.792 5.011 6.295 -28.501 -6.015 9.492 -16.991 3.836
3 16 0 -29.078 -5.258 3.204 -28.799 -5.289 0 -18.146 5.747
3 16 0 -18.146 5.747 3.204 -28.799 -5.289 5.208 -17.792 5.011
4 16 6.616 -4.858 11.849 5.208 -17.792 5.011 9.492 -16.991 3.836 11.621 -4.451 10.108
4 16 6.616 -4.858 11.849 0 -5.415 12.754 0 -18.146 5.747 5.208 -17.792 5.011
3 16 0 8.983 16.802 7.374 18.765 17.016 0 19.67 18.012
3 16 0 8.983 16.802 0 -5.415 12.754 7.283 8.508 15.67
3 16 7.283 8.508 15.67 0 -5.415 12.754 6.616 -4.858 11.849
3 16 7.283 8.508 15.67 7.374 18.765 17.016 0 8.983 16.802
3 16 6.616 -4.858 11.849 11.621 -4.451 10.108 7.283 8.508 15.67
3 16 7.283 8.508 15.67 11.621 -4.451 10.108 12.619 8.491 13.973
3 16 12.619 8.491 13.973 13.212 18.479 15.307 7.283 8.508 15.67
3 16 7.283 8.508 15.67 13.212 18.479 15.307 7.374 18.765 17.016
3 16 7.374 18.765 17.016 7.205 27.717 17.259 0 19.67 18.012
3 16 0 19.67 18.012 7.205 27.717 17.259 0 28.13 18.133
3 16 13.303 27.161 15.649 12.964 36.568 15.182 7.205 27.717 17.259
3 16 7.205 27.717 17.259 12.964 36.568 15.182 6.803 37.316 16.62
3 16 12.964 36.568 15.182 12.445 42.246 13.832 6.803 37.316 16.62
3 16 6.803 37.316 16.62 12.445 42.246 13.832 6.5376 44.0117 15.1775
4 16 7.205 27.717 17.259 6.803 37.316 16.62 0 37.426 17.396 0 28.13 18.133
3 16 0 37.426 17.396 6.803 37.316 16.62 0 43.196 16.094
3 16 6.5376 44.0117 15.1775 5.266 50 13.723 0 43.196 16.094
3 16 0 43.196 16.094 6.803 37.316 16.62 6.5376 44.0117 15.1775
3 16 0 43.196 16.094 5.266 50 13.723 0 49.912 14.514
3 16 13.212 18.479 15.307 13.303 27.161 15.649 7.374 18.765 17.016
3 16 7.374 18.765 17.016 13.303 27.161 15.649 7.205 27.717 17.259
3 16 12.445 42.246 13.832 9.647 49.879 11.603 5.266 50 13.723
3 16 5.266 50 13.723 6.5376 44.0117 15.1775 12.445 42.246 13.832
3 16 12.445 42.246 13.832 11.937 47.432 10.982 9.647 49.879 11.603
2 24 6.295 -28.501 -6.015 3.885 -33.83 -13.542
2 24 9.492 -16.991 3.836 6.295 -28.501 -6.015
2 24 11.621 -4.451 10.108 9.492 -16.991 3.836
2 24 12.619 8.491 13.973 11.621 -4.451 10.108
2 24 13.212 18.479 15.307 12.619 8.491 13.973
2 24 13.303 27.161 15.649 13.212 18.479 15.307
2 24 11.937 47.432 10.982 12.445 42.246 13.832
2 24 12.445 42.246 13.832 12.964 36.568 15.182
2 24 12.964 36.568 15.182 13.303 27.161 15.649
2 24 5.266 50 13.723 0 50 14.514
2 24 11.937 47.432 10.982 9.647 50 11.603
2 24 9.647 50 11.603 5.266 50 13.723
5 24 5.208 -17.792 5.011 11.621 -4.451 10.108 9.492 -16.991 3.836 6.616 -4.858 11.849
5 24 7.205 27.717 17.259 0 37.426 17.396 6.803 37.316 16.62 0 28.13 18.133
5 24 0 -29.078 -5.258 3.885 -33.83 -13.542 1.884 -33.954 -13.421 3.204 -28.799 -5.289
5 24 5.208 -17.792 5.011 0 -18.146 5.747 3.204 -28.799 -5.289 6.616 -4.858 11.849
5 24 0 -18.146 5.747 3.204 -28.799 -5.289 0 -29.078 -5.258 5.208 -17.792 5.011
5 24 3.204 -28.799 -5.289 5.208 -17.792 5.011 6.295 -28.501 -6.015 0 -18.146 5.747
5 24 0 8.983 16.802 7.374 18.765 17.016 7.283 8.508 15.67 0 19.67 18.012
5 24 6.616 -4.858 11.849 11.621 -4.451 10.108 5.208 -17.792 5.011 7.283 8.508 15.67
5 24 12.619 8.491 13.973 7.283 8.508 15.67 13.212 18.479 15.307 11.621 -4.451 10.108
5 24 5.266 50 13.723 12.445 42.246 13.832 6.5376 44.0117 15.1775 9.647 49.879 11.603
5 24 7.374 18.765 17.016 0 19.67 18.012 7.205 27.717 17.259 0 8.983 16.802
5 24 7.283 8.508 15.67 7.374 18.765 17.016 13.212 18.479 15.307 0 8.983 16.802
5 24 13.212 18.479 15.307 7.283 8.508 15.67 12.619 8.491 13.973 7.374 18.765 17.016
5 24 6.5376 44.0117 15.1775 6.803 37.316 16.62 12.445 42.246 13.832 0 43.196 16.094
5 24 12.445 42.246 13.832 6.5376 44.0117 15.1775 6.803 37.316 16.62 5.266 50 13.723
5 24 7.205 27.717 17.259 13.303 27.161 15.649 12.964 36.568 15.182 7.374 18.765 17.016
5 24 6.803 37.316 16.62 0 43.196 16.094 0 37.426 17.396 6.5376 44.0117 15.1775
5 24 12.964 36.568 15.182 6.803 37.316 16.62 7.205 27.717 17.259 12.445 42.246 13.832
5 24 0 43.196 16.094 6.5376 44.0117 15.1775 5.266 50 13.723 6.803 37.316 16.62
5 24 6.803 37.316 16.62 7.205 27.717 17.259 12.964 36.568 15.182 0 37.426 17.396
5 24 12.445 42.246 13.832 6.803 37.316 16.62 12.964 36.568 15.182 6.5376 44.0117 15.1775
5 24 0 -5.415 12.754 7.283 8.508 15.67 6.616 -4.858 11.849 0 8.983 16.802
5 24 6.616 -4.858 11.849 5.208 -17.792 5.011 9.492 -16.991 3.836 0 -5.415 12.754
5 24 7.205 27.717 17.259 0 28.13 18.133 0 19.67 18.012 6.803 37.316 16.62
5 24 3.204 -28.799 -5.289 3.885 -33.83 -13.542 6.295 -28.501 -6.015 0 -29.078 -5.258
5 24 7.283 8.508 15.67 0 8.983 16.802 0 -5.415 12.754 7.374 18.765 17.016
5 24 0 -5.415 12.754 6.616 -4.858 11.849 0 -18.146 5.747 7.283 8.508 15.67
5 24 1.884 -33.954 -13.421 0 -29.078 -5.258 0 -33.967 -13.372 3.885 -33.83 -13.542
5 24 12.964 36.568 15.182 7.205 27.717 17.259 13.303 27.161 15.649 6.803 37.316 16.62
5 24 12.445 42.246 13.832 9.647 49.879 11.603 11.937 47.432 10.982 5.266 50 13.723
5 24 13.303 27.161 15.649 7.374 18.765 17.016 13.212 18.479 15.307 7.205 27.717 17.259
5 24 6.295 -28.501 -6.015 3.204 -28.799 -5.289 5.208 -17.792 5.011 3.885 -33.83 -13.542
5 24 6.295 -28.501 -6.015 5.208 -17.792 5.011 3.204 -28.799 -5.289 9.492 -16.991 3.836
5 24 7.374 18.765 17.016 7.205 27.717 17.259 0 19.67 18.012 13.303 27.161 15.649
5 24 0 37.426 17.396 6.803 37.316 16.62 0 28.13 18.133 0 43.196 16.094
5 24 5.266 50 13.723 0 43.196 16.094 0 49.912 14.514 6.5376 44.0117 15.1775
5 24 0 -29.078 -5.258 3.204 -28.799 -5.289 1.884 -33.954 -13.421 0 -18.146 5.747
5 24 6.5376 44.0117 15.1775 5.266 50 13.723 0 43.196 16.094 12.445 42.246 13.832
5 24 7.205 27.717 17.259 0 19.67 18.012 7.374 18.765 17.016 0 28.13 18.133
5 24 6.616 -4.858 11.849 7.283 8.508 15.67 0 -5.415 12.754 11.621 -4.451 10.108
5 24 9.492 -16.991 3.836 5.208 -17.792 5.011 6.295 -28.501 -6.015 11.621 -4.451 10.108
5 24 11.621 -4.451 10.108 7.283 8.508 15.67 6.616 -4.858 11.849 12.619 8.491 13.973
5 24 13.212 18.479 15.307 7.374 18.765 17.016 7.283 8.508 15.67 13.303 27.161 15.649

0 // Outside - Side - Back
3 16 6.295 -28.501 -6.015 3.885 -33.83 -13.542 4.559 -33.59 -14.384
3 16 4.559 -33.59 -14.384 8.452 -27.148 -8.157 6.295 -28.501 -6.015
3 16 9.492 -16.991 3.836 6.295 -28.501 -6.015 8.452 -27.148 -8.157
3 16 8.452 -27.148 -8.157 12.036 -15.881 -.625 9.492 -16.991 3.836
3 16 11.621 -4.451 10.108 9.492 -16.991 3.836 12.036 -15.881 -.625
3 16 12.036 -15.881 -.625 14.577 -3.294 4.173 11.621 -4.451 10.108
3 16 4.559 -33.59 -14.384 5.135 -33.221 -15.322 8.452 -27.148 -8.157
3 16 8.452 -27.148 -8.157 5.135 -33.221 -15.322 10.333 -25.424 -10.578
3 16 14.217 -14.494 -5.525 12.036 -15.881 -.625 10.333 -25.424 -10.578
3 16 10.333 -25.424 -10.578 12.036 -15.881 -.625 8.452 -27.148 -8.157
3 16 11.621 -4.451 10.108 14.577 -3.294 4.173 15.743 8.263 7.395
3 16 15.743 8.263 7.395 12.619 8.491 13.973 11.621 -4.451 10.108
3 16 13.212 18.479 15.307 12.619 8.491 13.973 16.802 18.414 8.616
3 16 16.802 18.414 8.616 12.619 8.491 13.973 15.743 8.263 7.395
3 16 18.2814 24.7991 4.0184 17.7568 27.0755 7.4246 16.802 18.414 8.616
3 16 16.802 18.414 8.616 17.7568 27.0755 7.4246 15.914 27.182 11.983
3 16 15.914 27.182 11.983 17.7568 27.0755 7.4246 16.9803 30.4817 9.701
3 16 13.303 27.161 15.649 13.212 18.479 15.307 15.914 27.182 11.983
3 16 15.914 27.182 11.983 13.212 18.479 15.307 16.802 18.414 8.616
3 16 14.136 42.732 10.873 11.937 47.432 10.982 13.758 41.757 12.545
3 16 13.758 41.757 12.545 11.937 47.432 10.982 12.445 42.246 13.832
3 16 14.718 36.654 13.049 15.786 36.749 10.735 13.758 41.757 12.545
3 16 13.758 41.757 12.545 15.786 36.749 10.735 14.136 42.732 10.873
3 16 14.718 36.654 13.049 13.758 41.757 12.545 12.964 36.568 15.182
3 16 12.964 36.568 15.182 13.758 41.757 12.545 12.445 42.246 13.832
3 16 15.914 27.182 11.983 16.9803 30.4817 9.701 14.718 36.654 13.049
3 16 16.1905 34.5 10.5 15.786 36.749 10.735 14.718 36.654 13.049
3 16 16.9803 30.4817 9.701 16.1905 34.5 10.5 14.718 36.654 13.049
3 16 12.964 36.568 15.182 13.303 27.161 15.649 14.718 36.654 13.049
3 16 14.718 36.654 13.049 13.303 27.161 15.649 15.914 27.182 11.983
3 16 18.555 24 0 18.2814 24.7991 4.0184 18.362 18.131 .701
3 16 18.362 18.131 .701 18.2814 24.7991 4.0184 16.802 18.414 8.616
3 16 17.894 8.554 .212 18.362 18.131 .701 16.802 18.414 8.616
3 16 16.802 18.414 8.616 15.743 8.263 7.395 17.894 8.554 .212
3 16 16.589 -2.125 -1.549 17.894 8.554 .212 15.743 8.263 7.395
3 16 15.743 8.263 7.395 14.577 -3.294 4.173 16.589 -2.125 -1.549
3 16 14.577 -3.294 4.173 12.036 -15.881 -.625 14.217 -14.494 -5.525
3 16 14.217 -14.494 -5.525 16.589 -2.125 -1.549 14.577 -3.294 4.173
2 24 16.9803 30.4817 9.701 16.1905 34.5 10.5
2 24 16.9803 30.4817 9.701 17.7568 27.0755 7.4246
2 24 18.2814 24.7991 4.0184 18.555 24 0
2 24 10.333 -25.424 -10.578 5.135 -33.221 -15.322
2 24 14.217 -14.494 -5.525 10.333 -25.424 -10.578
2 24 16.589 -2.125 -1.549 14.217 -14.494 -5.525
2 24 17.894 8.554 .212 16.589 -2.125 -1.549
2 24 18.362 18.131 .701 17.894 8.554 .212
2 24 18.555 24 0 18.362 18.131 .701
2 24 18.2814 24.7991 4.0184 17.7568 27.0755 7.4246
2 24 14.136 42.732 10.873 11.937 47.432 10.982
2 24 15.786 36.749 10.735 14.136 42.732 10.873
2 24 16.1905 34.5 10.5 15.786 36.749 10.735
5 24 15.914 27.182 11.983 16.9803 30.4817 9.701 14.718 36.654 13.049 17.7568 27.0755 7.4246
5 24 12.619 8.491 13.973 16.802 18.414 8.616 13.212 18.479 15.307 15.743 8.263 7.395
5 24 13.758 41.757 12.545 12.445 42.246 13.832 11.937 47.432 10.982 12.964 36.568 15.182
5 24 16.802 18.414 8.616 13.212 18.479 15.307 12.619 8.491 13.973 15.914 27.182 11.983
5 24 8.452 -27.148 -8.157 9.492 -16.991 3.836 12.036 -15.881 -.625 6.295 -28.501 -6.015
5 24 12.036 -15.881 -.625 11.621 -4.451 10.108 14.577 -3.294 4.173 9.492 -16.991 3.836
5 24 16.802 18.414 8.616 15.743 8.263 7.395 17.894 8.554 .212 12.619 8.491 13.973
5 24 15.743 8.263 7.395 14.577 -3.294 4.173 16.589 -2.125 -1.549 11.621 -4.451 10.108
5 24 14.718 36.654 13.049 15.914 27.182 11.983 16.9803 30.4817 9.701 13.303 27.161 15.649
5 24 18.2814 24.7991 4.0184 18.362 18.131 .701 18.555 24 0 16.802 18.414 8.616
5 24 15.914 27.182 11.983 16.802 18.414 8.616 13.212 18.479 15.307 17.7568 27.0755 7.4246
5 24 18.2814 24.7991 4.0184 16.802 18.414 8.616 17.7568 27.0755 7.4246 18.362 18.131 .701
5 24 15.786 36.749 10.735 13.758 41.757 12.545 14.718 36.654 13.049 14.136 42.732 10.873
5 24 14.577 -3.294 4.173 12.036 -15.881 -.625 14.217 -14.494 -5.525 11.621 -4.451 10.108
5 24 12.036 -15.881 -.625 14.217 -14.494 -5.525 14.577 -3.294 4.173 10.333 -25.424 -10.578
5 24 15.743 8.263 7.395 17.894 8.554 .212 16.802 18.414 8.616 16.589 -2.125 -1.549
5 24 12.964 36.568 15.182 14.718 36.654 13.049 13.303 27.161 15.649 13.758 41.757 12.545
5 24 12.036 -15.881 -.625 9.492 -16.991 3.836 8.452 -27.148 -8.157 11.621 -4.451 10.108
5 24 5.135 -33.221 -15.322 8.452 -27.148 -8.157 4.559 -33.59 -14.384 10.333 -25.424 -10.578
5 24 17.7568 27.0755 7.4246 15.914 27.182 11.983 16.9803 30.4817 9.701 16.802 18.414 8.616
5 24 12.036 -15.881 -.625 10.333 -25.424 -10.578 14.217 -14.494 -5.525 8.452 -27.148 -8.157
5 24 15.743 8.263 7.395 12.619 8.491 13.973 16.802 18.414 8.616 11.621 -4.451 10.108
5 24 4.559 -33.59 -14.384 6.295 -28.501 -6.015 8.452 -27.148 -8.157 3.885 -33.83 -13.542
5 24 4.559 -33.59 -14.384 8.452 -27.148 -8.157 6.295 -28.501 -6.015 5.135 -33.221 -15.322
5 24 16.802 18.414 8.616 17.894 8.554 .212 15.743 8.263 7.395 18.362 18.131 .701
5 24 17.7568 27.0755 7.4246 16.802 18.414 8.616 18.2814 24.7991 4.0184 15.914 27.182 11.983
5 24 13.758 41.757 12.545 14.136 42.732 10.873 11.937 47.432 10.982 15.786 36.749 10.735
5 24 14.577 -3.294 4.173 16.589 -2.125 -1.549 14.217 -14.494 -5.525 15.743 8.263 7.395
5 24 10.333 -25.424 -10.578 8.452 -27.148 -8.157 5.135 -33.221 -15.322 12.036 -15.881 -.625
5 24 8.452 -27.148 -8.157 6.295 -28.501 -6.015 4.559 -33.59 -14.384 9.492 -16.991 3.836
5 24 8.452 -27.148 -8.157 12.036 -15.881 -.625 9.492 -16.991 3.836 10.333 -25.424 -10.578
5 24 11.937 47.432 10.982 13.758 41.757 12.545 12.445 42.246 13.832 14.136 42.732 10.873
5 24 13.303 27.161 15.649 14.718 36.654 13.049 12.964 36.568 15.182 15.914 27.182 11.983
5 24 15.743 8.263 7.395 16.589 -2.125 -1.549 14.577 -3.294 4.173 17.894 8.554 .212
5 24 13.212 18.479 15.307 15.914 27.182 11.983 16.802 18.414 8.616 13.303 27.161 15.649
5 24 13.758 41.757 12.545 12.964 36.568 15.182 12.445 42.246 13.832 14.718 36.654 13.049
5 24 16.802 18.414 8.616 18.362 18.131 .701 18.2814 24.7991 4.0184 17.894 8.554 .212
5 24 14.718 36.654 13.049 13.758 41.757 12.545 12.964 36.568 15.182 15.786 36.749 10.735
5 24 15.786 36.749 10.735 14.718 36.654 13.049 13.758 41.757 12.545 16.1905 34.5 10.5
5 24 13.303 27.161 15.649 15.914 27.182 11.983 14.718 36.654 13.049 13.212 18.479 15.307
5 24 14.217 -14.494 -5.525 14.577 -3.294 4.173 12.036 -15.881 -.625 16.589 -2.125 -1.549
5 24 14.577 -3.294 4.173 11.621 -4.451 10.108 12.036 -15.881 -.625 15.743 8.263 7.395
5 24 16.9803 30.4817 9.701 14.718 36.654 13.049 15.914 27.182 11.983 16.1905 34.5 10.5
5 24 15.743 8.263 7.395 11.621 -4.451 10.108 12.619 8.491 13.973 14.577 -3.294 4.173
5 24 14.718 36.654 13.049 16.1905 34.5 10.5 16.9803 30.4817 9.701 15.786 36.749 10.735

0 // Outside - Side - Front
3 16 10.333 -25.424 -10.578 5.135 -33.221 -15.322 10.055 -24.67 -14.276
3 16 10.055 -24.67 -14.276 5.135 -33.221 -15.322 4.893 -32.477 -17.839
3 16 10.055 -24.67 -14.276 13.984 -13.578 -10.666 10.333 -25.424 -10.578
3 16 10.333 -25.424 -10.578 13.984 -13.578 -10.666 14.217 -14.494 -5.525
3 16 10.055 -24.67 -14.276 4.893 -32.477 -17.839 8.356 -23.21 -18.234
3 16 8.356 -23.21 -18.234 4.893 -32.477 -17.839 3.989 -31.366 -20.542
3 16 13.984 -13.578 -10.666 10.055 -24.67 -14.276 11.612 -12.239 -15.634
3 16 11.612 -12.239 -15.634 10.055 -24.67 -14.276 8.356 -23.21 -18.234
4 16 11.612 -12.239 -15.634 13.677 -.057 -13.486 16.356 -1.435 -8.095 13.984 -13.578 -10.666
3 16 13.984 -13.578 -10.666 16.356 -1.435 -8.095 14.217 -14.494 -5.525
3 16 14.217 -14.494 -5.525 16.356 -1.435 -8.095 16.589 -2.125 -1.549
4 16 16.356 -1.435 -8.095 13.677 -.057 -13.486 14.533 9.408 -12.655 17.402 8.77 -6.972
3 16 17.402 8.77 -6.972 14.533 9.408 -12.655 14.83 18.185 -12.867
3 16 14.83 18.185 -12.867 17.675 17.727 -6.306 17.402 8.77 -6.972
3 16 16.356 -1.435 -8.095 17.402 8.77 -6.972 16.589 -2.125 -1.549
3 16 16.589 -2.125 -1.549 17.402 8.77 -6.972 17.894 8.554 .212
3 16 17.402 8.77 -6.972 17.675 17.727 -6.306 17.894 8.554 .212
3 16 17.894 8.554 .212 17.675 17.727 -6.306 18.362 18.131 .701
3 16 18.139 24.7991 -4.0184 18.555 24 0 17.675 17.727 -6.306
3 16 17.675 17.727 -6.306 18.555 24 0 18.362 18.131 .701
3 16 8.056 70.716 -20.896 8.736 71.915 -16.959 12.213 58.397 -15.926
3 16 12.213 58.397 -15.926 8.736 71.915 -16.959 13.171 59.561 -11.486
3 16 4.543 79.719 -24.755 4.383 80.395 -21.618 8.056 70.716 -20.896
3 16 8.056 70.716 -20.896 4.383 80.395 -21.618 8.736 71.915 -16.959
3 16 6.863 69.493 -24.293 8.056 70.716 -20.896 10.533 57.213 -19.611
3 16 10.533 57.213 -19.611 8.056 70.716 -20.896 12.213 58.397 -15.926
3 16 4.466 78.114 -28.199 4.543 79.719 -24.755 6.863 69.493 -24.293
3 16 6.863 69.493 -24.293 4.543 79.719 -24.755 8.056 70.716 -20.896
3 16 12.213 58.397 -15.926 14.3179 48.2883 -13.8311 10.533 57.213 -19.611
3 16 15.371 48.674 -11.246 14.3179 48.2883 -13.8311 12.213 58.397 -15.926
3 16 12.213 58.397 -15.926 13.171 59.561 -11.486 15.371 48.674 -11.246
3 16 16.6759 34.5 -10.5 17.1202 30.4817 -9.701 14.69 25.809 -13.545
3 16 14.3179 48.2883 -13.8311 16.6759 34.5 -10.5 13.221 40.018 -15.82
3 16 14.3179 48.2883 -13.8311 13.221 40.018 -15.82 10.533 57.213 -19.611
3 16 16.6759 34.5 -10.5 14.3179 48.2883 -13.8311 15.371 48.674 -11.246
3 16 8.736 71.915 -16.959 4.383 80.395 -21.618 8.012 73.625 -15.67
3 16 4.383 80.395 -21.618 6.523 75.662 -14.359 8.012 73.625 -15.67
3 16 13.171 59.561 -11.486 8.736 71.915 -16.959 9.992 68.389 -11.436
3 16 9.992 68.389 -11.436 8.736 71.915 -16.959 8.012 73.625 -15.67
3 16 9.992 68.389 -11.436 8.012 73.625 -15.67 7.88 72.768 -11.551
3 16 7.88 72.768 -11.551 8.012 73.625 -15.67 6.523 75.662 -14.359
3 16 14.69 25.809 -13.545 13.221 40.018 -15.82 16.6759 34.5 -10.5
3 16 14.69 25.809 -13.545 17.1202 30.4817 -9.701 17.8594 27.0708 -7.4176
3 16 17.8594 27.0708 -7.4176 18.139 24.7991 -4.0184 17.675 17.727 -6.306
3 16 17.675 17.727 -6.306 14.69 25.809 -13.545 17.8594 27.0708 -7.4176
3 16 14.69 25.809 -13.545 17.675 17.727 -6.306 14.83 18.185 -12.867
2 24 17.8594 27.0708 -7.4176 18.139 24.7991 -4.0184
2 24 8.356 -23.21 -18.234 3.989 -31.366 -20.542
2 24 11.612 -12.239 -15.634 8.356 -23.21 -18.234
2 24 13.677 -.057 -13.486 11.612 -12.239 -15.634
2 24 14.533 9.408 -12.655 13.677 -.057 -13.486
2 24 14.83 18.185 -12.867 14.533 9.408 -12.655
2 24 18.139 24.7991 -4.0184 18.555 24 0
2 24 10.533 57.213 -19.611 13.221 40.018 -15.82
2 24 4.466 78.114 -28.199 6.863 69.493 -24.293
2 24 6.863 69.493 -24.293 10.533 57.213 -19.611
2 24 8.736 71.915 -16.959 13.171 59.561 -11.486
2 24 4.543 79.719 -24.755 4.383 80.395 -21.618
2 24 4.383 80.395 -21.618 8.736 71.915 -16.959
2 24 4.466 78.114 -28.199 4.543 79.719 -24.755
2 24 13.171 59.561 -11.486 15.371 48.674 -11.246
2 24 6.523 75.662 -14.359 4.383 80.395 -21.618
2 24 7.88 72.768 -11.551 6.523 75.662 -14.359
2 24 9.992 68.389 -11.436 13.171 59.561 -11.486
2 24 7.88 72.768 -11.551 9.992 68.389 -11.436
2 24 14.69 25.809 -13.545 13.221 40.018 -15.82
2 24 14.69 25.809 -13.545 14.83 18.185 -12.867
5 24 11.612 -12.239 -15.634 16.356 -1.435 -8.095 13.677 -.057 -13.486 13.984 -13.578 -10.666
5 24 17.675 17.727 -6.306 17.402 8.77 -6.972 17.894 8.554 .212 14.83 18.185 -12.867
5 24 12.213 58.397 -15.926 14.3179 48.2883 -13.8311 10.533 57.213 -19.611 15.371 48.674 -11.246
5 24 8.012 73.625 -15.67 7.88 72.768 -11.551 9.992 68.389 -11.436 6.523 75.662 -14.359
5 24 8.736 71.915 -16.959 12.213 58.397 -15.926 8.056 70.716 -20.896 13.171 59.561 -11.486
5 24 4.543 79.719 -24.755 6.863 69.493 -24.293 8.056 70.716 -20.896 4.466 78.114 -28.199
5 24 14.69 25.809 -13.545 17.1202 30.4817 -9.701 16.6759 34.5 -10.5 17.8594 27.0708 -7.4176
2 24 17.1202 30.4817 -9.701 17.8594 27.0708 -7.4176
5 24 13.221 40.018 -15.82 14.3179 48.2883 -13.8311 16.6759 34.5 -10.5 10.533 57.213 -19.611
5 24 8.012 73.625 -15.67 8.736 71.915 -16.959 4.383 80.395 -21.618 9.992 68.389 -11.436
5 24 17.675 17.727 -6.306 17.8594 27.0708 -7.4176 14.69 25.809 -13.545 18.139 24.7991 -4.0184
5 24 8.056 70.716 -20.896 8.736 71.915 -16.959 4.383 80.395 -21.618 12.213 58.397 -15.926
5 24 14.3179 48.2883 -13.8311 10.533 57.213 -19.611 13.221 40.018 -15.82 12.213 58.397 -15.926
5 24 18.139 24.7991 -4.0184 17.675 17.727 -6.306 18.555 24 0 17.8594 27.0708 -7.4176
5 24 13.984 -13.578 -10.666 10.333 -25.424 -10.578 14.217 -14.494 -5.525 10.055 -24.67 -14.276
5 24 17.402 8.77 -6.972 17.894 8.554 .212 16.589 -2.125 -1.549 17.675 17.727 -6.306
5 24 14.3179 48.2883 -13.8311 15.371 48.674 -11.246 12.213 58.397 -15.926 16.6759 34.5 -10.5
5 24 17.402 8.77 -6.972 16.589 -2.125 -1.549 17.894 8.554 .212 16.356 -1.435 -8.095
5 24 16.356 -1.435 -8.095 16.589 -2.125 -1.549 17.402 8.77 -6.972 14.217 -14.494 -5.525
5 24 12.213 58.397 -15.926 10.533 57.213 -19.611 14.3179 48.2883 -13.8311 8.056 70.716 -20.896
5 24 13.221 40.018 -15.82 16.6759 34.5 -10.5 14.3179 48.2883 -13.8311 14.69 25.809 -13.545
5 24 14.83 18.185 -12.867 17.402 8.77 -6.972 17.675 17.727 -6.306 14.533 9.408 -12.655
5 24 13.171 59.561 -11.486 12.213 58.397 -15.926 15.371 48.674 -11.246 8.736 71.915 -16.959
5 24 13.984 -13.578 -10.666 14.217 -14.494 -5.525 10.333 -25.424 -10.578 16.356 -1.435 -8.095
5 24 4.893 -32.477 -17.839 8.356 -23.21 -18.234 10.055 -24.67 -14.276 3.989 -31.366 -20.542
5 24 10.055 -24.67 -14.276 10.333 -25.424 -10.578 5.135 -33.221 -15.322 13.984 -13.578 -10.666
5 24 8.056 70.716 -20.896 10.533 57.213 -19.611 6.863 69.493 -24.293 12.213 58.397 -15.926
5 24 17.8594 27.0708 -7.4176 14.69 25.809 -13.545 17.675 17.727 -6.306 17.1202 30.4817 -9.701
5 24 6.863 69.493 -24.293 8.056 70.716 -20.896 4.543 79.719 -24.755 10.533 57.213 -19.611
5 24 18.555 24 0 17.675 17.727 -6.306 18.362 18.131 .701 18.139 24.7991 -4.0184
5 24 10.055 -24.67 -14.276 11.612 -12.239 -15.634 8.356 -23.21 -18.234 13.984 -13.578 -10.666
5 24 16.356 -1.435 -8.095 14.217 -14.494 -5.525 13.984 -13.578 -10.666 16.589 -2.125 -1.549
5 24 6.523 75.662 -14.359 8.012 73.625 -15.67 4.383 80.395 -21.618 7.88 72.768 -11.551
5 24 8.012 73.625 -15.67 9.992 68.389 -11.436 7.88 72.768 -11.551 8.736 71.915 -16.959
5 24 8.056 70.716 -20.896 4.543 79.719 -24.755 4.383 80.395 -21.618 6.863 69.493 -24.293
5 24 17.675 17.727 -6.306 14.83 18.185 -12.867 17.402 8.77 -6.972 14.69 25.809 -13.545
5 24 4.383 80.395 -21.618 8.056 70.716 -20.896 8.736 71.915 -16.959 4.543 79.719 -24.755
5 24 17.675 17.727 -6.306 14.69 25.809 -13.545 17.8594 27.0708 -7.4176 14.83 18.185 -12.867
5 24 13.677 -.057 -13.486 16.356 -1.435 -8.095 13.984 -13.578 -10.666 14.533 9.408 -12.655
5 24 4.383 80.395 -21.618 8.012 73.625 -15.67 6.523 75.662 -14.359 8.736 71.915 -16.959
5 24 13.984 -13.578 -10.666 16.356 -1.435 -8.095 11.612 -12.239 -15.634 14.217 -14.494 -5.525
2 24 16.6759 34.5 -10.5 17.1202 30.4817 -9.701
5 24 17.675 17.727 -6.306 17.894 8.554 .212 17.402 8.77 -6.972 18.362 18.131 .701
5 24 4.893 -32.477 -17.839 10.055 -24.67 -14.276 5.135 -33.221 -15.322 8.356 -23.21 -18.234
5 24 11.612 -12.239 -15.634 13.984 -13.578 -10.666 10.055 -24.67 -14.276 13.677 -.057 -13.486
2 24 15.371 48.674 -11.246 16.6759 34.5 -10.5
5 24 8.736 71.915 -16.959 9.992 68.389 -11.436 13.171 59.561 -11.486 8.012 73.625 -15.67
5 24 10.055 -24.67 -14.276 13.984 -13.578 -10.666 10.333 -25.424 -10.578 11.612 -12.239 -15.634
5 24 16.356 -1.435 -8.095 17.402 8.77 -6.972 16.589 -2.125 -1.549 13.677 -.057 -13.486
5 24 16.6759 34.5 -10.5 14.3179 48.2883 -13.8311 13.221 40.018 -15.82 15.371 48.674 -11.246
5 24 12.213 58.397 -15.926 15.371 48.674 -11.246 13.171 59.561 -11.486 14.3179 48.2883 -13.8311
5 24 16.6759 34.5 -10.5 14.69 25.809 -13.545 13.221 40.018 -15.82 17.1202 30.4817 -9.701
5 24 12.213 58.397 -15.926 8.056 70.716 -20.896 8.736 71.915 -16.959 10.533 57.213 -19.611
5 24 8.356 -23.21 -18.234 10.055 -24.67 -14.276 4.893 -32.477 -17.839 11.612 -12.239 -15.634
5 24 5.135 -33.221 -15.322 10.055 -24.67 -14.276 10.333 -25.424 -10.578 4.893 -32.477 -17.839

0 // Outside - Front
3 16 2.093 -31.035 -21.373 0 -30.934 -21.62 0 -22.066 -20.303
4 16 2.093 -31.035 -21.373 4.411 -22.586 -19.901 8.356 -23.21 -18.234 3.989 -31.366 -20.542
3 16 4.411 -22.586 -19.901 2.093 -31.035 -21.373 0 -22.066 -20.303
3 16 11.612 -12.239 -15.634 8.356 -23.21 -18.234 4.411 -22.586 -19.901
3 16 4.411 -22.586 -19.901 6.449 -11.205 -17.414 11.612 -12.239 -15.634
3 16 6.449 -11.205 -17.414 4.411 -22.586 -19.901 0 -10.753 -18.265
3 16 0 -10.753 -18.265 4.411 -22.586 -19.901 0 -22.066 -20.303
4 16 4.1858 2.2643 -15.9179 6.228 -2.717 -16.204 0 -10.753 -18.265 0 -2.578 -17.192
3 16 0 -10.753 -18.265 6.228 -2.717 -16.204 6.449 -11.205 -17.414
3 16 6.449 -11.205 -17.414 6.228 -2.717 -16.204 13.677 -.057 -13.486
3 16 13.677 -.057 -13.486 11.612 -12.239 -15.634 6.449 -11.205 -17.414
3 16 0 2.1029 -16.4912 4.1858 2.2643 -15.9179 0 -2.578 -17.192
3 16 10.1488 4.8428 -13.8557 13.677 -.057 -13.486 9.5052 3.8729 -14.1836
3 16 7.6409 3.0374 -14.8349 13.677 -.057 -13.486 6.228 -2.717 -16.204
3 16 7.6409 3.0374 -14.8349 9.5052 3.8729 -14.1836 13.677 -.057 -13.486
3 16 4.1858 2.2643 -15.9179 7.6409 3.0374 -14.8349 6.228 -2.717 -16.204
3 16 13.677 -.057 -13.486 10.1488 4.8428 -13.8557 14.533 9.408 -12.655
3 16 10.6103 7.2825 -13.5407 10.573 9.6425 -13.6281 14.533 9.408 -12.655
3 16 10.1488 4.8428 -13.8557 10.6103 7.2825 -13.5407 14.533 9.408 -12.655
3 16 9.2421 16.5519 -14.6462 7.8089 17.7726 -15.1699 14.83 18.185 -12.867
3 16 9.2421 16.5519 -14.6462 14.83 18.185 -12.867 10.2259 14.2455 -14.2072
3 16 10.2259 14.2455 -14.2072 14.83 18.185 -12.867 14.533 9.408 -12.655
3 16 10.2259 14.2455 -14.2072 14.533 9.408 -12.655 10.573 9.6425 -13.6281
4 16 7.571 24.112 -16.09 4.1512 19.2988 -16.1283 0 19.8427 -17.031 0 24.845 -17.651
3 16 4.1512 19.2988 -16.1283 7.571 24.112 -16.09 6.0143 18.6932 -15.6344
3 16 6.0143 18.6932 -15.6344 7.571 24.112 -16.09 7.8089 17.7726 -15.1699
3 16 10.533 57.213 -19.611 13.221 40.018 -15.82 5.827 55.636 -21.421
3 16 6.863 69.493 -24.293 3.779 68.715 -26.165 4.466 78.114 -28.199
3 16 4.466 78.114 -28.199 3.779 68.715 -26.165 2.687 78.349 -30.471
3 16 3.779 68.715 -26.165 0 68.279 -27.115 2.687 78.349 -30.471
3 16 2.687 78.349 -30.471 0 68.279 -27.115 0 78.243 -31.39
3 16 5.827 55.636 -21.421 0 55.147 -22.536 3.779 68.715 -26.165
3 16 3.779 68.715 -26.165 0 55.147 -22.536 0 68.279 -27.115
3 16 10.533 57.213 -19.611 5.827 55.636 -21.421 6.863 69.493 -24.293
3 16 6.863 69.493 -24.293 5.827 55.636 -21.421 3.779 68.715 -26.165
3 16 7.8089 17.7726 -15.1699 7.571 24.112 -16.09 14.69 25.809 -13.545
3 16 5.827 55.636 -21.421 13.221 40.018 -15.82 6.709 38.709 -18.064
3 16 0 55.147 -22.536 5.827 55.636 -21.421 0 38.626 -19.219
3 16 0 38.626 -19.219 5.827 55.636 -21.421 6.709 38.709 -18.064
3 16 14.69 25.809 -13.545 14.83 18.185 -12.867 7.8089 17.7726 -15.1699
2 24 2.687 78.349 -30.471 4.466 78.114 -28.199
2 24 0 78.243 -31.39 2.687 78.349 -30.471
5 24 2.093 -31.035 -21.373 8.356 -23.21 -18.234 4.411 -22.586 -19.901 3.989 -31.366 -20.542
5 24 4.1858 2.2643 -15.9179 0 -10.753 -18.265 6.228 -2.717 -16.204 0 -2.578 -17.192
5 24 7.571 24.112 -16.09 0 19.8427 -17.031 4.1512 19.2988 -16.1283 0 24.845 -17.651
5 24 4.411 -22.586 -19.901 6.449 -11.205 -17.414 11.612 -12.239 -15.634 0 -10.753 -18.265
5 24 4.1512 19.2988 -16.1283 7.571 24.112 -16.09 6.0143 18.6932 -15.6344 0 19.8427 -17.031
5 24 7.571 24.112 -16.09 6.709 38.709 -18.064 0 24.845 -17.651 14.69 25.809 -13.545
5 24 4.1858 2.2643 -15.9179 0 -2.578 -17.192 0 2.1029 -16.4912 6.228 -2.717 -16.204
5 24 14.69 25.809 -13.545 7.571 24.112 -16.09 7.8089 17.7726 -15.1699 6.709 38.709 -18.064
5 24 3.779 68.715 -26.165 4.466 78.114 -28.199 6.863 69.493 -24.293 2.687 78.349 -30.471
5 24 0 68.279 -27.115 2.687 78.349 -30.471 3.779 68.715 -26.165 0 78.243 -31.39
5 24 13.677 -.057 -13.486 9.5052 3.8729 -14.1836 10.1488 4.8428 -13.8557 7.6409 3.0374 -14.8349
5 24 8.356 -23.21 -18.234 4.411 -22.586 -19.901 11.612 -12.239 -15.634 3.989 -31.366 -20.542
5 24 4.411 -22.586 -19.901 0 -10.753 -18.265 0 -22.066 -20.303 6.449 -11.205 -17.414
5 24 6.449 -11.205 -17.414 11.612 -12.239 -15.634 13.677 -.057 -13.486 4.411 -22.586 -19.901
5 24 14.533 9.408 -12.655 10.2259 14.2455 -14.2072 10.573 9.6425 -13.6281 14.83 18.185 -12.867
5 24 7.571 24.112 -16.09 0 24.845 -17.651 6.709 38.709 -18.064 4.1512 19.2988 -16.1283
5 24 6.709 38.709 -18.064 14.69 25.809 -13.545 7.571 24.112 -16.09 13.221 40.018 -15.82
5 24 4.411 -22.586 -19.901 11.612 -12.239 -15.634 8.356 -23.21 -18.234 6.449 -11.205 -17.414
5 24 0 55.147 -22.536 5.827 55.636 -21.421 0 38.626 -19.219 3.779 68.715 -26.165
5 24 4.411 -22.586 -19.901 2.093 -31.035 -21.373 0 -22.066 -20.303 8.356 -23.21 -18.234
5 24 0 55.147 -22.536 3.779 68.715 -26.165 5.827 55.636 -21.421 0 68.279 -27.115
5 24 6.863 69.493 -24.293 3.779 68.715 -26.165 5.827 55.636 -21.421 4.466 78.114 -28.199
5 24 13.221 40.018 -15.82 6.709 38.709 -18.064 14.69 25.809 -13.545 5.827 55.636 -21.421
5 24 6.228 -2.717 -16.204 4.1858 2.2643 -15.9179 7.6409 3.0374 -14.8349 0 -10.753 -18.265
5 24 10.1488 4.8428 -13.8557 14.533 9.408 -12.655 10.6103 7.2825 -13.5407 13.677 -.057 -13.486
5 24 6.228 -2.717 -16.204 7.6409 3.0374 -14.8349 4.1858 2.2643 -15.9179 13.677 -.057 -13.486
5 24 6.709 38.709 -18.064 5.827 55.636 -21.421 0 38.626 -19.219 13.221 40.018 -15.82
5 24 5.827 55.636 -21.421 0 38.626 -19.219 0 55.147 -22.536 6.709 38.709 -18.064
5 24 14.69 25.809 -13.545 7.8089 17.7726 -15.1699 7.571 24.112 -16.09 14.83 18.185 -12.867
5 24 14.83 18.185 -12.867 10.2259 14.2455 -14.2072 9.2421 16.5519 -14.6462 14.533 9.408 -12.655
5 24 6.228 -2.717 -16.204 6.449 -11.205 -17.414 0 -10.753 -18.265 13.677 -.057 -13.486
5 24 14.83 18.185 -12.867 7.8089 17.7726 -15.1699 14.69 25.809 -13.545 9.2421 16.5519 -14.6462
5 24 7.6409 3.0374 -14.8349 13.677 -.057 -13.486 6.228 -2.717 -16.204 9.5052 3.8729 -14.1836
5 24 10.1488 4.8428 -13.8557 13.677 -.057 -13.486 9.5052 3.8729 -14.1836 14.533 9.408 -12.655
5 24 7.571 24.112 -16.09 6.0143 18.6932 -15.6344 4.1512 19.2988 -16.1283 7.8089 17.7726 -15.1699
5 24 0 -22.066 -20.303 4.411 -22.586 -19.901 2.093 -31.035 -21.373 0 -10.753 -18.265
5 24 0 -22.066 -20.303 2.093 -31.035 -21.373 0 -30.934 -21.62 4.411 -22.586 -19.901
5 24 7.8089 17.7726 -15.1699 7.571 24.112 -16.09 14.69 25.809 -13.545 6.0143 18.6932 -15.6344
5 24 0 -10.753 -18.265 6.228 -2.717 -16.204 6.449 -11.205 -17.414 0 -2.578 -17.192
5 24 0 24.845 -17.651 6.709 38.709 -18.064 7.571 24.112 -16.09 0 38.626 -19.219
5 24 10.533 57.213 -19.611 5.827 55.636 -21.421 6.863 69.493 -24.293 13.221 40.018 -15.82
5 24 6.228 -2.717 -16.204 13.677 -.057 -13.486 6.449 -11.205 -17.414 7.6409 3.0374 -14.8349
5 24 5.827 55.636 -21.421 13.221 40.018 -15.82 10.533 57.213 -19.611 6.709 38.709 -18.064
5 24 3.779 68.715 -26.165 5.827 55.636 -21.421 0 55.147 -22.536 6.863 69.493 -24.293
5 24 10.573 9.6425 -13.6281 14.533 9.408 -12.655 10.6103 7.2825 -13.5407 10.2259 14.2455 -14.2072
5 24 14.83 18.185 -12.867 9.2421 16.5519 -14.6462 7.8089 17.7726 -15.1699 10.2259 14.2455 -14.2072
5 24 14.533 9.408 -12.655 10.6103 7.2825 -13.5407 10.573 9.6425 -13.6281 10.1488 4.8428 -13.8557
5 24 13.677 -.057 -13.486 6.449 -11.205 -17.414 11.612 -12.239 -15.634 6.228 -2.717 -16.204
5 24 0 -10.753 -18.265 6.449 -11.205 -17.414 6.228 -2.717 -16.204 4.411 -22.586 -19.901
5 24 3.779 68.715 -26.165 0 68.279 -27.115 2.687 78.349 -30.471 0 55.147 -22.536
5 24 5.827 55.636 -21.421 6.863 69.493 -24.293 10.533 57.213 -19.611 3.779 68.715 -26.165
5 24 3.779 68.715 -26.165 2.687 78.349 -30.471 0 68.279 -27.115 4.466 78.114 -28.199
5 24 6.709 38.709 -18.064 0 38.626 -19.219 5.827 55.636 -21.421 0 24.845 -17.651

0 // Outside - Bottom
3 16 8.325 50 10.897 9.647 50 11.603 11.937 47.432 10.982
4 16 5.266 50 13.723 5.1282 50 12.3803 0 50 13.393 0 50 14.514
4 16 5.1282 50 12.3803 5.266 50 13.723 9.647 50 11.603 8.325 50 10.897
3 16 4.383 80.395 -21.618 1.884 80.751 -20.477 6.523 75.662 -14.359
3 16 6.523 75.662 -14.359 1.884 80.751 -20.477 4.52 75.527 -12.929
3 16 6.523 75.662 -14.359 4.52 75.527 -12.929 7.88 72.768 -11.551
5 24 1.884 80.751 -20.477 6.523 75.662 -14.359 4.383 80.395 -21.618 4.52 75.527 -12.929
5 24 4.383 80.395 -21.618 1.884 80.751 -20.477 0 81.297 -21.54 6.523 75.662 -14.359
2 24 5.1282 50 12.3803 8.325 50 10.897
5 24 4.52 75.527 -12.929 6.523 75.662 -14.359 1.884 80.751 -20.477 7.88 72.768 -11.551

0 // Outside - Bottom Front Tip
5 24 2.687 78.349 -30.471 4.543 79.719 -24.755 0 80.466 -28.201 4.466 78.114 -28.199
5 24 0 81.09 -25.293 4.383 80.395 -21.618 4.543 79.719 -24.755 0 81.297 -21.54
5 24 4.383 80.395 -21.618 0 81.297 -21.54 0 81.09 -25.293 1.884 80.751 -20.477
5 24 4.543 79.719 -24.755 0 81.09 -25.293 4.383 80.395 -21.618 0 80.466 -28.201
5 24 0 81.297 -21.54 1.884 80.751 -20.477 0 80.827 -20.521 4.383 80.395 -21.618
5 24 0 80.466 -28.201 2.687 78.349 -30.471 0 78.243 -31.39 4.543 79.719 -24.755
5 24 4.543 79.719 -24.755 0 80.466 -28.201 0 81.09 -25.293 2.687 78.349 -30.471
