0 ~Minifig Head Gremlin, Mogwai Dark Brown Eyes and Mouth Pattern
0 Name: s\26056px0s04.dat
0 Author: Gerald Lasser [GeraldLasser]
0 !LDRAW_ORG Unofficial_Subpart
0 !LICENSE Redistributable under CCAL version 2.0 : see CAreadme.txt

0 BFC CERTIFY CCW

0 // Right Eye
4 15 -13.23078 -15.1917 -11.38026 -13.47 -15.85 -11.14353 -14.01511 -15.49782 -10.90481 -13.925 -14.874 -11.055
3 15 -13.23 -15.95 -11.25758 -13.47 -15.85 -11.14353 -13.23078 -15.1917 -11.38026
4 15 -13.925 -14.874 -11.055 -14.01511 -15.49782 -10.90481 -14.41 -15.23 -10.59481 -14.64 -15.04 -10.4182
3 15 -13.23078 -15.1917 -11.38026 -13.925 -14.874 -11.055 -13.13 -14.72 -11.41099
4 15 -12.82 -14.05 -11.53038 -13.13 -14.72 -11.41099 -13.925 -14.874 -11.055 -12.283 -12.569 -11.727
3 15 -12.82 -14.05 -11.53038 -12.283 -12.569 -11.727 -12.44 -13.45 -11.68378
3 15 -12.44 -13.45 -11.68378 -12.283 -12.569 -11.727 -12.14681 -13.12923 -11.80666
3 15 -12.14681 -13.12923 -11.80666 -12.283 -12.569 -11.727 -11.87 -12.86 -11.8739
3 15 -11.87 -12.86 -11.8739 -12.283 -12.569 -11.727 -11.52033 -12.63387 -11.9665
4 0 -14.01511 -15.49782 -10.90481 -14.1063 -16.12909 -10.75283 -14.48 -15.71 -10.47868 -14.41 -15.23 -10.59481
4 0 -14.41 -15.23 -10.59481 -14.48 -15.71 -10.47868 -14.77 -15.27 -10.27924 -14.76 -15.1 -10.30759
3 0 -14.41 -15.23 -10.59481 -14.76 -15.1 -10.30759 -14.64 -15.04 -10.4182
3 15 -14.77 -15.27 -10.27924 -14.94102 -14.98026 -10.16513 -14.76 -15.1 -10.30759
3 15 -14.76 -15.1 -10.30759 -14.94102 -14.98026 -10.16513 -14.64 -15.04 -10.4182
3 15 -14.64 -15.04 -10.4182 -14.94102 -14.98026 -10.16513 -13.925 -14.874 -11.055
3 16 -14.77 -15.27 -10.27924 -16.019 -15.093 -9.221 -14.94102 -14.98026 -10.16513
4 16 -16.019 -15.093 -9.221 -14.77 -15.27 -10.27924 -14.48 -15.71 -10.47868 -14.3 -17.47 -10.43
3 16 -14.3 -17.47 -10.43 -14.48 -15.71 -10.47868 -14.1063 -16.12909 -10.75283
3 16 -14.3 -17.47 -10.43 -14.1063 -16.12909 -10.75283 -13.64 -16.57 -10.93437
4 15 -13.925 -14.874 -11.055 -14.94102 -14.98026 -10.16513 -15.09 -14.61 -10.05537 -15.12 -14.28 -10.04698
3 15 -13.925 -14.874 -11.055 -15.12 -14.28 -10.04698 -15.00646 -13.99564 -10.16106
4 15 -13.925 -14.874 -11.055 -15.00646 -13.99564 -10.16106 -14.77 -13.65 -10.28487 -14.29 -13.16 -10.5644
3 15 -13.925 -14.874 -11.055 -14.29 -13.16 -10.5644 -13.67395 -12.77072 -10.95508
4 15 -13.925 -14.874 -11.055 -13.67395 -12.77072 -10.95508 -12.98 -12.45 -11.31472 -12.283 -12.569 -11.727
3 15 -12.283 -12.569 -11.727 -12.98 -12.45 -11.31472 -12.47022 -12.26013 -11.58421
4 15 -12.283 -12.569 -11.727 -12.47022 -12.26013 -11.58421 -12.12 -12.17 -11.70197 -11.6919 -12.07771 -11.84992
4 15 -11.52033 -12.63387 -11.9665 -12.283 -12.569 -11.727 -11.6919 -12.07771 -11.84992 -11.03 -12.38 -12.08625
4 15 -11.03 -12.38 -12.08625 -11.6919 -12.07771 -11.84992 -10.99 -11.96 -12.04979 -10.48 -12.26 -12.23965
4 15 -10.48 -12.26 -12.23965 -10.99 -11.96 -12.04979 -10.34 -11.92 -12.24288 -9.9557 -12.27818 -12.40124
3 15 -9.9557 -12.27818 -12.40124 -10.34 -11.92 -12.24288 -9.84677 -11.93783 -12.39497
4 15 -9.37 -12.4 -12.48466 -9.9557 -12.27818 -12.40124 -9.84677 -11.93783 -12.39497 -9.21 -12 -12.48145
4 15 -9.37 -12.4 -12.48466 -9.21 -12 -12.48145 -8.75 -12.12 -12.54843 -8.7 -12.71 -12.59034
4 15 -8.7 -12.71 -12.59034 -8.75 -12.12 -12.54843 -8.49224 -12.20077 -12.58678 -8.34 -13.03 -12.65633
3 15 -8.126 -13.261 -12.698 -8.34 -13.03 -12.65633 -8.49224 -12.20077 -12.58678
4 15 -8.126 -13.261 -12.698 -8.49224 -12.20077 -12.58678 -7.71 -12.48 -12.61614 -7.09041 -12.76914 -12.64653
4 15 -8.126 -13.261 -12.698 -7.09041 -12.76914 -12.64653 -6.53 -13.17 -12.65527 -6.15 -13.56 -12.66768
4 15 -8.126 -13.261 -12.698 -6.15 -13.56 -12.66768 -5.94153 -13.93497 -12.68332 -7.7 -13.68 -12.71042
4 15 -7.7 -13.68 -12.71042 -5.94153 -13.93497 -12.68332 -5.8 -14.5 -12.71007 -7.41741 -14.21808 -12.73248
4 15 -7.41741 -14.21808 -12.73248 -5.8 -14.5 -12.71007 -5.8 -14.97 -12.73505 -5.93 -15.37 -12.7593
3 15 -6.25587 -15.78694 -12.78899 -7.41741 -14.21808 -12.73248 -5.93 -15.37 -12.7593
4 15 -7.2 -14.88 -12.74523 -7.41741 -14.21808 -12.73248 -6.25587 -15.78694 -12.78899 -6.54 -16.04 -12.77893
4 15 -7.08 -15.71 -12.75502 -7.2 -14.88 -12.74523 -6.54 -16.04 -12.77893 -6.85 -16.27 -12.76769
3 15 -7.16016 -16.45067 -12.75614 -7.08 -15.71 -12.75502 -6.85 -16.27 -12.76769
3 16 -14.3 -17.47 -10.43 -13.64 -16.57 -10.93437 -13.16962 -16.89074 -11.13763
3 16 -16.019 -15.093 -9.221 -15.09 -14.61 -10.05537 -14.94102 -14.98026 -10.16513
4 16 -15.12 -14.28 -10.04698 -15.09 -14.61 -10.05537 -16.019 -15.093 -9.221 -16.007 -13.183 -9.334
3 16 -15.12 -14.28 -10.04698 -16.007 -13.183 -9.334 -15.00646 -13.99564 -10.16106
3 16 -15.00646 -13.99564 -10.16106 -16.007 -13.183 -9.334 -14.77 -13.65 -10.28487
3 16 -14.77 -13.65 -10.28487 -16.007 -13.183 -9.334 -14.29 -13.16 -10.5644
4 16 -13.67395 -12.77072 -10.95508 -14.29 -13.16 -10.5644 -16.007 -13.183 -9.334 -13.425 -10.685 -10.856
3 16 -13.67395 -12.77072 -10.95508 -13.425 -10.685 -10.856 -12.98 -12.45 -11.31472
3 16 -12.98 -12.45 -11.31472 -13.425 -10.685 -10.856 -12.47022 -12.26013 -11.58421
3 16 -12.47022 -12.26013 -11.58421 -13.425 -10.685 -10.856 -12.12 -12.17 -11.70197
4 16 -11.6919 -12.07771 -11.84992 -12.12 -12.17 -11.70197 -13.425 -10.685 -10.856 -9.239 -10.039 -12.36
3 16 -11.6919 -12.07771 -11.84992 -9.239 -10.039 -12.36 -10.99 -11.96 -12.04979
3 16 -10.99 -11.96 -12.04979 -9.239 -10.039 -12.36 -10.34 -11.92 -12.24288
3 16 -9.84677 -11.93783 -12.39497 -10.34 -11.92 -12.24288 -9.239 -10.039 -12.36
3 16 -9.21 -12 -12.48145 -9.84677 -11.93783 -12.39497 -9.239 -10.039 -12.36
3 16 -8.75 -12.12 -12.54843 -9.21 -12 -12.48145 -9.239 -10.039 -12.36
3 16 -8.49224 -12.20077 -12.58678 -8.75 -12.12 -12.54843 -9.239 -10.039 -12.36
4 16 -7.71 -12.48 -12.61614 -8.49224 -12.20077 -12.58678 -9.239 -10.039 -12.36 -5.591 -12.057 -12.572
3 16 -7.09041 -12.76914 -12.64653 -7.71 -12.48 -12.61614 -5.591 -12.057 -12.572
3 16 -6.53 -13.17 -12.65527 -7.09041 -12.76914 -12.64653 -5.591 -12.057 -12.572
4 16 -6.15 -13.56 -12.66768 -6.53 -13.17 -12.65527 -5.591 -12.057 -12.572 -4.256 -14.455 -12.672
3 16 -4.256 -14.455 -12.672 -5.94153 -13.93497 -12.68332 -6.15 -13.56 -12.66768
3 16 -5.8 -14.5 -12.71007 -5.94153 -13.93497 -12.68332 -4.256 -14.455 -12.672
3 16 -5.8 -14.97 -12.73505 -5.8 -14.5 -12.71007 -4.256 -14.455 -12.672
4 0 -14.01511 -15.49782 -10.90481 -13.47 -15.85 -11.14353 -13.64 -16.57 -10.93437 -14.1063 -16.12909 -10.75283
4 0 -13.64 -16.57 -10.93437 -13.47 -15.85 -11.14353 -13.23 -15.95 -11.25758 -13.16962 -16.89074 -11.13763
3 0 -13.16962 -16.89074 -11.13763 -13.23 -15.95 -11.25758 -12.81 -16.18 -11.44822
4 308 -12.82 -15.69 -11.52234 -12.81 -16.18 -11.44822 -13.23 -15.95 -11.25758 -13.23078 -15.1917 -11.38026
3 308 -12.82 -15.69 -11.52234 -13.23078 -15.1917 -11.38026 -12.79956 -15.38903 -11.58229
4 308 -12.79956 -15.38903 -11.58229 -13.23078 -15.1917 -11.38026 -13.13 -14.72 -11.41099 -12.65 -14.87 -11.63366
4 308 -12.65 -14.87 -11.63366 -13.13 -14.72 -11.41099 -12.82 -14.05 -11.53038 -12.34 -14.26 -11.75497
4 308 -12.34 -14.26 -11.75497 -12.82 -14.05 -11.53038 -12.44 -13.45 -11.68378 -11.99154 -13.76794 -11.89748
3 308 -11.99154 -13.76794 -11.89748 -12.44 -13.45 -11.68378 -12.14681 -13.12923 -11.80666
4 308 -11.99154 -13.76794 -11.89748 -12.14681 -13.12923 -11.80666 -11.87 -12.86 -11.8739 -11.61 -13.38 -11.98902
4 308 -10.89 -13.03 -12.18747 -11.61 -13.38 -11.98902 -11.87 -12.86 -11.8739 -11.52033 -12.63387 -11.9665
4 308 -10.16132 -12.88357 -12.40227 -10.89 -13.03 -12.18747 -11.52033 -12.63387 -11.9665 -10.108 -12.754 -12.41
4 308 -10.108 -12.754 -12.41 -11.52033 -12.63387 -11.9665 -11.03 -12.38 -12.08625 -10.48 -12.26 -12.23965
3 308 -10.108 -12.754 -12.41 -10.48 -12.26 -12.23965 -9.9557 -12.27818 -12.40124
4 308 -10.108 -12.754 -12.41 -9.9557 -12.27818 -12.40124 -9.37 -12.4 -12.48466 -8.7 -12.71 -12.59034
4 308 -10.108 -12.754 -12.41 -8.7 -12.71 -12.59034 -8.34 -13.03 -12.65633 -8.126 -13.261 -12.698
3 308 -10.06559 -12.88505 -12.4208 -10.16132 -12.88357 -12.40227 -10.108 -12.754 -12.41
3 308 -9.43 -12.99 -12.51093 -10.06559 -12.88505 -12.4208 -10.108 -12.754 -12.41
3 308 -8.126 -13.261 -12.698 -9.43 -12.99 -12.51093 -10.108 -12.754 -12.41
3 308 -8.126 -13.261 -12.698 -8.78 -13.25 -12.60899 -9.43 -12.99 -12.51093
3 308 -8.27127 -13.68301 -12.69459 -8.78 -13.25 -12.60899 -8.126 -13.261 -12.698
4 308 -7.91 -14.16 -12.7121 -8.27127 -13.68301 -12.69459 -8.126 -13.261 -12.698 -7.41741 -14.21808 -12.73248
4 308 -7.58 -15 -12.73049 -7.91 -14.16 -12.7121 -7.41741 -14.21808 -12.73248 -7.2 -14.88 -12.74523
4 308 -7.58 -15 -12.73049 -7.2 -14.88 -12.74523 -7.08 -15.71 -12.75502 -7.47 -15.82 -12.73981
4 308 -7.47 -15.82 -12.73981 -7.08 -15.71 -12.75502 -7.16016 -16.45067 -12.75614 -7.47105 -16.37426 -12.74305
3 308 -7.41741 -14.21808 -12.73248 -8.126 -13.261 -12.698 -7.7 -13.68 -12.71042
3 308 -7.52 -16.63 -12.70644 -7.47105 -16.37426 -12.74305 -7.16016 -16.45067 -12.75614
4 0 -5.93 -15.37 -12.7593 -5.81 -15.39 -12.75759 -5.78 -15.51 -12.76328 -5.82 -15.83 -12.7812
4 0 -6.25587 -15.78694 -12.78899 -5.93 -15.37 -12.7593 -5.82 -15.83 -12.7812 -5.9596 -16.1871 -12.8034
4 0 -6.54 -16.04 -12.77893 -6.25587 -15.78694 -12.78899 -5.9596 -16.1871 -12.8034 -6.13 -16.42 -12.79785
4 0 -6.54 -16.04 -12.77893 -6.13 -16.42 -12.79785 -6.33588 -16.65326 -12.79086 -6.85 -16.27 -12.76769
3 0 -6.33588 -16.65326 -12.79086 -7.16016 -16.45067 -12.75614 -6.85 -16.27 -12.76769
4 0 -7.16016 -16.45067 -12.75614 -6.33588 -16.65326 -12.79086 -6.76 -17.06 -12.70707 -7.52 -16.63 -12.70644
4 0 -7.52 -16.63 -12.70644 -6.76 -17.06 -12.70707 -7.37 -17.48 -12.60785 -7.89098 -17.74065 -12.53576
4 0 -7.52 -16.63 -12.70644 -7.89098 -17.74065 -12.53576 -9.063 -15.983 -12.676 -7.47105 -16.37426 -12.74305
4 0 -9.063 -15.983 -12.676 -7.89098 -17.74065 -12.53576 -8.72 -18.01 -12.33475 -9.58 -18.09 -12.16581
3 0 -9.58 -18.09 -12.16581 -10.54927 -18.03053 -12.00511 -9.063 -15.983 -12.676
4 0 -9.063 -15.983 -12.676 -10.54927 -18.03053 -12.00511 -11.22617 -17.83954 -11.91194 -10.66866 -16.08194 -12.35066
4 15 -11.25194 -15.79134 -12.24937 -11.28069 -15.60383 -12.2401 -11.13506 -15.24994 -12.2612 -11.12152 -16.00459 -12.2788
3 15 -11.28069 -15.60383 -12.2401 -11.25194 -15.40866 -12.23583 -11.13506 -15.24994 -12.2612
4 15 -11.13506 -15.24994 -12.2612 -10.98134 -15.15806 -12.28906 -10.684 -15.124 -12.34582 -10.42645 -15.20645 -12.39721
4 15 -11.13506 -15.24994 -12.2612 -10.42645 -15.20645 -12.39721 -10.28806 -15.39866 -12.42776 -10.25 -15.59 -12.43891
4 15 -11.13506 -15.24994 -12.2612 -10.25 -15.59 -12.43891 -10.29806 -15.81134 -12.43402 -10.47619 -15.99782 -12.40332
4 15 -10.91 -16.07 -12.30683 -11.12152 -16.00459 -12.2788 -10.47619 -15.99782 -12.40332 -10.66866 -16.08194 -12.35066
3 15 -11.12152 -16.00459 -12.2788 -11.13506 -15.24994 -12.2612 -10.47619 -15.99782 -12.40332
3 0 -11.447 -16.008 -12.216 -11.25194 -15.79134 -12.24937 -11.12152 -16.00459 -12.2788
3 0 -11.447 -16.008 -12.216 -11.28069 -15.60383 -12.2401 -11.25194 -15.79134 -12.24937
4 0 -11.25194 -15.40866 -12.23583 -11.28069 -15.60383 -12.2401 -11.447 -16.008 -12.216 -11.99154 -13.76794 -11.89748
4 0 -11.13506 -15.24994 -12.2612 -11.25194 -15.40866 -12.23583 -11.99154 -13.76794 -11.89748 -11.61 -13.38 -11.98902
4 0 -11.13506 -15.24994 -12.2612 -11.61 -13.38 -11.98902 -10.89 -13.03 -12.18747 -10.16132 -12.88357 -12.40227
3 0 -11.13506 -15.24994 -12.2612 -10.16132 -12.88357 -12.40227 -10.98134 -15.15806 -12.28906
4 0 -10.16132 -12.88357 -12.40227 -10.06559 -12.88505 -12.4208 -10.684 -15.124 -12.34582 -10.98134 -15.15806 -12.28906
3 0 -10.42645 -15.20645 -12.39721 -10.684 -15.124 -12.34582 -10.06559 -12.88505 -12.4208
4 0 -10.28806 -15.39866 -12.42776 -10.42645 -15.20645 -12.39721 -10.06559 -12.88505 -12.4208 -9.063 -15.983 -12.676
3 0 -9.063 -15.983 -12.676 -10.25 -15.59 -12.43891 -10.28806 -15.39866 -12.42776
3 0 -9.063 -15.983 -12.676 -10.29806 -15.81134 -12.43402 -10.25 -15.59 -12.43891
3 0 -10.47619 -15.99782 -12.40332 -10.29806 -15.81134 -12.43402 -9.063 -15.983 -12.676
3 0 -10.66866 -16.08194 -12.35066 -10.47619 -15.99782 -12.40332 -9.063 -15.983 -12.676
3 0 -11.22617 -17.83954 -11.91194 -10.91 -16.07 -12.30683 -10.66866 -16.08194 -12.35066
4 0 -11.12152 -16.00459 -12.2788 -10.91 -16.07 -12.30683 -11.22617 -17.83954 -11.91194 -11.447 -16.008 -12.216
4 0 -9.063 -15.983 -12.676 -8.27127 -13.68301 -12.69459 -7.91 -14.16 -12.7121 -7.58 -15 -12.73049
4 0 -9.063 -15.983 -12.676 -7.58 -15 -12.73049 -7.47 -15.82 -12.73981 -7.47105 -16.37426 -12.74305
4 0 -8.78 -13.25 -12.60899 -8.27127 -13.68301 -12.69459 -9.063 -15.983 -12.676 -9.43 -12.99 -12.51093
3 0 -9.063 -15.983 -12.676 -10.06559 -12.88505 -12.4208 -9.43 -12.99 -12.51093
4 16 -5.81 -15.39 -12.75759 -5.93 -15.37 -12.7593 -5.8 -14.97 -12.73505 -4.256 -14.455 -12.672
3 16 -5.78 -15.51 -12.76328 -5.81 -15.39 -12.75759 -4.256 -14.455 -12.672
3 16 -5.82 -15.83 -12.7812 -5.78 -15.51 -12.76328 -4.256 -14.455 -12.672
4 16 -5.9596 -16.1871 -12.8034 -5.82 -15.83 -12.7812 -4.256 -14.455 -12.672 -5.454 -16.87 -12.828
3 16 -5.454 -16.87 -12.828 -6.13 -16.42 -12.79785 -5.9596 -16.1871 -12.8034
3 16 -5.454 -16.87 -12.828 -6.33588 -16.65326 -12.79086 -6.13 -16.42 -12.79785
3 16 -6.76 -17.06 -12.70707 -6.33588 -16.65326 -12.79086 -5.454 -16.87 -12.828
4 16 -7.37 -17.48 -12.60785 -6.76 -17.06 -12.70707 -5.454 -16.87 -12.828 -7.542 -18.264 -12.494
3 16 -7.542 -18.264 -12.494 -7.89098 -17.74065 -12.53576 -7.37 -17.48 -12.60785
3 16 -7.542 -18.264 -12.494 -8.72 -18.01 -12.33475 -7.89098 -17.74065 -12.53576
4 16 -9.58 -18.09 -12.16581 -8.72 -18.01 -12.33475 -7.542 -18.264 -12.494 -11.11 -18.803 -11.752
3 16 -11.11 -18.803 -11.752 -10.54927 -18.03053 -12.00511 -9.58 -18.09 -12.16581
3 16 -11.11 -18.803 -11.752 -11.22617 -17.83954 -11.91194 -10.54927 -18.03053 -12.00511
4 15 -11.64997 -16.11201 -12.08894 -12.3428 -16.46705 -11.65522 -12.45 -16.28 -11.6274 -12.42641 -16.07 -11.6743
4 15 -11.64997 -16.11201 -12.08894 -12.42641 -16.07 -11.6743 -12.31 -15.91359 -11.76288 -12.05 -15.85 -11.91433
4 15 -11.64997 -16.11201 -12.08894 -12.05 -15.85 -11.91433 -11.84 -15.89359 -12.02125 -11.69359 -16.01 -12.08182
4 15 -11.64997 -16.11201 -12.08894 -11.69359 -16.33 -12.01714 -11.8 -16.49641 -11.92508 -12.02 -16.58 -11.79399
4 15 -11.64997 -16.11201 -12.08894 -12.02 -16.58 -11.79399 -12.23943 -16.54995 -11.68903 -12.3428 -16.46705 -11.65522
3 0 -11.64997 -16.11201 -12.08894 -11.69359 -16.01 -12.08182 -11.447 -16.008 -12.216
4 0 -11.69359 -16.33 -12.01714 -11.64997 -16.11201 -12.08894 -11.447 -16.008 -12.216 -11.22617 -17.83954 -11.91194
4 0 -11.8 -16.49641 -11.92508 -11.69359 -16.33 -12.01714 -11.22617 -17.83954 -11.91194 -11.92 -17.57 -11.61977
4 0 -12.02 -16.58 -11.79399 -11.8 -16.49641 -11.92508 -11.92 -17.57 -11.61977 -12.67 -17.2 -11.32183
4 0 -12.23943 -16.54995 -11.68903 -12.02 -16.58 -11.79399 -12.67 -17.2 -11.32183 -13.16962 -16.89074 -11.13763
3 0 -13.16962 -16.89074 -11.13763 -12.3428 -16.46705 -11.65522 -12.23943 -16.54995 -11.68903
4 0 -12.45 -16.28 -11.6274 -12.3428 -16.46705 -11.65522 -13.16962 -16.89074 -11.13763 -12.81 -16.18 -11.44822
4 0 -12.42641 -16.07 -11.6743 -12.45 -16.28 -11.6274 -12.81 -16.18 -11.44822 -12.82 -15.69 -11.52234
4 0 -12.31 -15.91359 -11.76288 -12.42641 -16.07 -11.6743 -12.82 -15.69 -11.52234 -12.79956 -15.38903 -11.58229
3 0 -12.31 -15.91359 -11.76288 -12.79956 -15.38903 -11.58229 -12.05 -15.85 -11.91433
3 0 -11.84 -15.89359 -12.02125 -12.05 -15.85 -11.91433 -12.79956 -15.38903 -11.58229
3 0 -11.447 -16.008 -12.216 -11.84 -15.89359 -12.02125 -12.79956 -15.38903 -11.58229
3 0 -11.69359 -16.01 -12.08182 -11.84 -15.89359 -12.02125 -11.447 -16.008 -12.216
4 0 -11.447 -16.008 -12.216 -12.79956 -15.38903 -11.58229 -12.65 -14.87 -11.63366 -12.34 -14.26 -11.75497
3 0 -11.447 -16.008 -12.216 -12.34 -14.26 -11.75497 -11.99154 -13.76794 -11.89748
3 16 -14.3 -17.47 -10.43 -13.16962 -16.89074 -11.13763 -12.67 -17.2 -11.32183
4 16 -14.3 -17.47 -10.43 -12.67 -17.2 -11.32183 -11.92 -17.57 -11.61977 -11.11 -18.803 -11.752
3 16 -11.11 -18.803 -11.752 -11.92 -17.57 -11.61977 -11.22617 -17.83954 -11.91194

0 // Left Eye
4 15 14.01511 -15.49782 -10.90481 13.47 -15.85 -11.14353 13.23078 -15.1917 -11.38026 13.925 -14.874 -11.055
3 15 13.23 -15.95 -11.25758 13.23078 -15.1917 -11.38026 13.47 -15.85 -11.14353
4 15 14.41 -15.23 -10.59481 14.01511 -15.49782 -10.90481 13.925 -14.874 -11.055 14.64 -15.04 -10.4182
3 15 13.23078 -15.1917 -11.38026 13.13 -14.72 -11.41099 13.925 -14.874 -11.055
4 15 13.925 -14.874 -11.055 13.13 -14.72 -11.41099 12.82 -14.05 -11.53038 12.283 -12.569 -11.727
3 15 12.82 -14.05 -11.53038 12.44 -13.45 -11.68378 12.283 -12.569 -11.727
3 15 12.44 -13.45 -11.68378 12.14681 -13.12923 -11.80666 12.283 -12.569 -11.727
3 15 12.14681 -13.12923 -11.80666 11.87 -12.86 -11.8739 12.283 -12.569 -11.727
3 15 11.87 -12.86 -11.8739 11.52033 -12.63387 -11.9665 12.283 -12.569 -11.727
4 0 14.48 -15.71 -10.47868 14.1063 -16.12909 -10.75283 14.01511 -15.49782 -10.90481 14.41 -15.23 -10.59481
4 0 14.77 -15.27 -10.27924 14.48 -15.71 -10.47868 14.41 -15.23 -10.59481 14.76 -15.1 -10.30759
3 0 14.41 -15.23 -10.59481 14.64 -15.04 -10.4182 14.76 -15.1 -10.30759
3 15 14.77 -15.27 -10.27924 14.76 -15.1 -10.30759 14.94102 -14.98026 -10.16513
3 15 14.76 -15.1 -10.30759 14.64 -15.04 -10.4182 14.94102 -14.98026 -10.16513
3 15 14.64 -15.04 -10.4182 13.925 -14.874 -11.055 14.94102 -14.98026 -10.16513
3 16 14.77 -15.27 -10.27924 14.94102 -14.98026 -10.16513 16.019 -15.093 -9.221
4 16 14.48 -15.71 -10.47868 14.77 -15.27 -10.27924 16.019 -15.093 -9.221 14.3 -17.47 -10.43
3 16 14.3 -17.47 -10.43 14.1063 -16.12909 -10.75283 14.48 -15.71 -10.47868
3 16 14.3 -17.47 -10.43 13.64 -16.57 -10.93437 14.1063 -16.12909 -10.75283
4 15 15.09 -14.61 -10.05537 14.94102 -14.98026 -10.16513 13.925 -14.874 -11.055 15.12 -14.28 -10.04698
3 15 13.925 -14.874 -11.055 15.00646 -13.99564 -10.16106 15.12 -14.28 -10.04698
4 15 14.77 -13.65 -10.28487 15.00646 -13.99564 -10.16106 13.925 -14.874 -11.055 14.29 -13.16 -10.5644
3 15 13.925 -14.874 -11.055 13.67395 -12.77072 -10.95508 14.29 -13.16 -10.5644
4 15 12.98 -12.45 -11.31472 13.67395 -12.77072 -10.95508 13.925 -14.874 -11.055 12.283 -12.569 -11.727
3 15 12.283 -12.569 -11.727 12.47022 -12.26013 -11.58421 12.98 -12.45 -11.31472
4 15 12.12 -12.17 -11.70197 12.47022 -12.26013 -11.58421 12.283 -12.569 -11.727 11.6919 -12.07771 -11.84992
4 15 11.6919 -12.07771 -11.84992 12.283 -12.569 -11.727 11.52033 -12.63387 -11.9665 11.03 -12.38 -12.08625
4 15 10.99 -11.96 -12.04979 11.6919 -12.07771 -11.84992 11.03 -12.38 -12.08625 10.48 -12.26 -12.23965
4 15 10.34 -11.92 -12.24288 10.99 -11.96 -12.04979 10.48 -12.26 -12.23965 9.9557 -12.27818 -12.40124
3 15 9.9557 -12.27818 -12.40124 9.84677 -11.93783 -12.39497 10.34 -11.92 -12.24288
4 15 9.84677 -11.93783 -12.39497 9.9557 -12.27818 -12.40124 9.37 -12.4 -12.48466 9.21 -12 -12.48145
4 15 8.75 -12.12 -12.54843 9.21 -12 -12.48145 9.37 -12.4 -12.48466 8.7 -12.71 -12.59034
4 15 8.49224 -12.20077 -12.58678 8.75 -12.12 -12.54843 8.7 -12.71 -12.59034 8.34 -13.03 -12.65633
3 15 8.126 -13.261 -12.698 8.49224 -12.20077 -12.58678 8.34 -13.03 -12.65633
4 15 7.71 -12.48 -12.61614 8.49224 -12.20077 -12.58678 8.126 -13.261 -12.698 7.09041 -12.76914 -12.64653
4 15 6.53 -13.17 -12.65527 7.09041 -12.76914 -12.64653 8.126 -13.261 -12.698 6.15 -13.56 -12.66768
4 15 5.94153 -13.93497 -12.68332 6.15 -13.56 -12.66768 8.126 -13.261 -12.698 7.7 -13.68 -12.71042
4 15 5.8 -14.5 -12.71007 5.94153 -13.93497 -12.68332 7.7 -13.68 -12.71042 7.41741 -14.21808 -12.73248
4 15 5.8 -14.97 -12.73505 5.8 -14.5 -12.71007 7.41741 -14.21808 -12.73248 5.93 -15.37 -12.7593
3 15 6.25587 -15.78694 -12.78899 5.93 -15.37 -12.7593 7.41741 -14.21808 -12.73248
4 15 6.25587 -15.78694 -12.78899 7.41741 -14.21808 -12.73248 7.2 -14.88 -12.74523 6.54 -16.04 -12.77893
4 15 6.54 -16.04 -12.77893 7.2 -14.88 -12.74523 7.08 -15.71 -12.75502 6.85 -16.27 -12.76769
3 15 7.16016 -16.45067 -12.75614 6.85 -16.27 -12.76769 7.08 -15.71 -12.75502
3 16 14.3 -17.47 -10.43 13.16962 -16.89074 -11.13763 13.64 -16.57 -10.93437
3 16 16.019 -15.093 -9.221 14.94102 -14.98026 -10.16513 15.09 -14.61 -10.05537
4 16 16.019 -15.093 -9.221 15.09 -14.61 -10.05537 15.12 -14.28 -10.04698 16.007 -13.183 -9.334
3 16 15.12 -14.28 -10.04698 15.00646 -13.99564 -10.16106 16.007 -13.183 -9.334
3 16 15.00646 -13.99564 -10.16106 14.77 -13.65 -10.28487 16.007 -13.183 -9.334
3 16 14.77 -13.65 -10.28487 14.29 -13.16 -10.5644 16.007 -13.183 -9.334
4 16 16.007 -13.183 -9.334 14.29 -13.16 -10.5644 13.67395 -12.77072 -10.95508 13.425 -10.685 -10.856
3 16 13.67395 -12.77072 -10.95508 12.98 -12.45 -11.31472 13.425 -10.685 -10.856
3 16 12.98 -12.45 -11.31472 12.47022 -12.26013 -11.58421 13.425 -10.685 -10.856
3 16 12.47022 -12.26013 -11.58421 12.12 -12.17 -11.70197 13.425 -10.685 -10.856
4 16 13.425 -10.685 -10.856 12.12 -12.17 -11.70197 11.6919 -12.07771 -11.84992 9.239 -10.039 -12.36
3 16 11.6919 -12.07771 -11.84992 10.99 -11.96 -12.04979 9.239 -10.039 -12.36
3 16 10.99 -11.96 -12.04979 10.34 -11.92 -12.24288 9.239 -10.039 -12.36
3 16 9.84677 -11.93783 -12.39497 9.239 -10.039 -12.36 10.34 -11.92 -12.24288
3 16 9.21 -12 -12.48145 9.239 -10.039 -12.36 9.84677 -11.93783 -12.39497
3 16 8.75 -12.12 -12.54843 9.239 -10.039 -12.36 9.21 -12 -12.48145
3 16 8.49224 -12.20077 -12.58678 9.239 -10.039 -12.36 8.75 -12.12 -12.54843
4 16 9.239 -10.039 -12.36 8.49224 -12.20077 -12.58678 7.71 -12.48 -12.61614 5.591 -12.057 -12.572
3 16 7.09041 -12.76914 -12.64653 5.591 -12.057 -12.572 7.71 -12.48 -12.61614
3 16 6.53 -13.17 -12.65527 5.591 -12.057 -12.572 7.09041 -12.76914 -12.64653
4 16 5.591 -12.057 -12.572 6.53 -13.17 -12.65527 6.15 -13.56 -12.66768 4.256 -14.455 -12.672
3 16 4.256 -14.455 -12.672 6.15 -13.56 -12.66768 5.94153 -13.93497 -12.68332
3 16 5.8 -14.5 -12.71007 4.256 -14.455 -12.672 5.94153 -13.93497 -12.68332
3 16 5.8 -14.97 -12.73505 4.256 -14.455 -12.672 5.8 -14.5 -12.71007
4 0 13.64 -16.57 -10.93437 13.47 -15.85 -11.14353 14.01511 -15.49782 -10.90481 14.1063 -16.12909 -10.75283
4 0 13.23 -15.95 -11.25758 13.47 -15.85 -11.14353 13.64 -16.57 -10.93437 13.16962 -16.89074 -11.13763
3 0 13.16962 -16.89074 -11.13763 12.81 -16.18 -11.44822 13.23 -15.95 -11.25758
4 308 13.23 -15.95 -11.25758 12.81 -16.18 -11.44822 12.82 -15.69 -11.52234 13.23078 -15.1917 -11.38026
3 308 12.82 -15.69 -11.52234 12.79956 -15.38903 -11.58229 13.23078 -15.1917 -11.38026
4 308 13.13 -14.72 -11.41099 13.23078 -15.1917 -11.38026 12.79956 -15.38903 -11.58229 12.65 -14.87 -11.63366
4 308 12.82 -14.05 -11.53038 13.13 -14.72 -11.41099 12.65 -14.87 -11.63366 12.34 -14.26 -11.75497
4 308 12.44 -13.45 -11.68378 12.82 -14.05 -11.53038 12.34 -14.26 -11.75497 11.99154 -13.76794 -11.89748
3 308 11.99154 -13.76794 -11.89748 12.14681 -13.12923 -11.80666 12.44 -13.45 -11.68378
4 308 11.87 -12.86 -11.8739 12.14681 -13.12923 -11.80666 11.99154 -13.76794 -11.89748 11.61 -13.38 -11.98902
4 308 11.87 -12.86 -11.8739 11.61 -13.38 -11.98902 10.89 -13.03 -12.18747 11.52033 -12.63387 -11.9665
4 308 11.52033 -12.63387 -11.9665 10.89 -13.03 -12.18747 10.16132 -12.88357 -12.40227 10.108 -12.754 -12.41
4 308 11.03 -12.38 -12.08625 11.52033 -12.63387 -11.9665 10.108 -12.754 -12.41 10.48 -12.26 -12.23965
3 308 10.108 -12.754 -12.41 9.9557 -12.27818 -12.40124 10.48 -12.26 -12.23965
4 308 9.37 -12.4 -12.48466 9.9557 -12.27818 -12.40124 10.108 -12.754 -12.41 8.7 -12.71 -12.59034
4 308 8.34 -13.03 -12.65633 8.7 -12.71 -12.59034 10.108 -12.754 -12.41 8.126 -13.261 -12.698
3 308 10.06559 -12.88505 -12.4208 10.108 -12.754 -12.41 10.16132 -12.88357 -12.40227
3 308 9.43 -12.99 -12.51093 10.108 -12.754 -12.41 10.06559 -12.88505 -12.4208
3 308 8.126 -13.261 -12.698 10.108 -12.754 -12.41 9.43 -12.99 -12.51093
3 308 8.126 -13.261 -12.698 9.43 -12.99 -12.51093 8.78 -13.25 -12.60899
3 308 8.27127 -13.68301 -12.69459 8.126 -13.261 -12.698 8.78 -13.25 -12.60899
4 308 8.126 -13.261 -12.698 8.27127 -13.68301 -12.69459 7.91 -14.16 -12.7121 7.41741 -14.21808 -12.73248
4 308 7.41741 -14.21808 -12.73248 7.91 -14.16 -12.7121 7.58 -15 -12.73049 7.2 -14.88 -12.74523
4 308 7.08 -15.71 -12.75502 7.2 -14.88 -12.74523 7.58 -15 -12.73049 7.47 -15.82 -12.73981
4 308 7.16016 -16.45067 -12.75614 7.08 -15.71 -12.75502 7.47 -15.82 -12.73981 7.47105 -16.37426 -12.74305
3 308 7.41741 -14.21808 -12.73248 7.7 -13.68 -12.71042 8.126 -13.261 -12.698
3 308 7.52 -16.63 -12.70644 7.16016 -16.45067 -12.75614 7.47105 -16.37426 -12.74305
4 0 5.78 -15.51 -12.76328 5.81 -15.39 -12.75759 5.93 -15.37 -12.7593 5.82 -15.83 -12.7812
4 0 5.82 -15.83 -12.7812 5.93 -15.37 -12.7593 6.25587 -15.78694 -12.78899 5.9596 -16.1871 -12.8034
4 0 5.9596 -16.1871 -12.8034 6.25587 -15.78694 -12.78899 6.54 -16.04 -12.77893 6.13 -16.42 -12.79785
4 0 6.33588 -16.65326 -12.79086 6.13 -16.42 -12.79785 6.54 -16.04 -12.77893 6.85 -16.27 -12.76769
3 0 6.33588 -16.65326 -12.79086 6.85 -16.27 -12.76769 7.16016 -16.45067 -12.75614
4 0 6.76 -17.06 -12.70707 6.33588 -16.65326 -12.79086 7.16016 -16.45067 -12.75614 7.52 -16.63 -12.70644
4 0 7.37 -17.48 -12.60785 6.76 -17.06 -12.70707 7.52 -16.63 -12.70644 7.89098 -17.74065 -12.53576
4 0 11.61 -13.38 -11.98902 11.99154 -13.76794 -11.89748 11.447 -16.008 -12.216 10.89 -13.03 -12.18747
3 0 11.447 -16.008 -12.216 10.16132 -12.88357 -12.40227 10.89 -13.03 -12.18747
4 0 10.16132 -12.88357 -12.40227 11.447 -16.008 -12.216 9.89194 -15.27866 -12.50189 9.77506 -15.11994 -12.52131
4 0 10.06559 -12.88505 -12.4208 10.16132 -12.88357 -12.40227 9.77506 -15.11994 -12.52131 9.52134 -15.04806 -12.56889
3 0 9.52134 -15.04806 -12.56889 9.36782 -15.04113 -12.59841 10.06559 -12.88505 -12.4208
4 0 9.27873 -15.98526 -12.63437 11.447 -16.008 -12.216 11.22617 -17.83954 -11.91194 10.54927 -18.03053 -12.00511
4 16 5.8 -14.97 -12.73505 5.93 -15.37 -12.7593 5.81 -15.39 -12.75759 4.256 -14.455 -12.672
3 16 5.78 -15.51 -12.76328 4.256 -14.455 -12.672 5.81 -15.39 -12.75759
3 16 5.82 -15.83 -12.7812 4.256 -14.455 -12.672 5.78 -15.51 -12.76328
4 16 4.256 -14.455 -12.672 5.82 -15.83 -12.7812 5.9596 -16.1871 -12.8034 5.454 -16.87 -12.828
3 16 5.454 -16.87 -12.828 5.9596 -16.1871 -12.8034 6.13 -16.42 -12.79785
3 16 5.454 -16.87 -12.828 6.13 -16.42 -12.79785 6.33588 -16.65326 -12.79086
3 16 6.76 -17.06 -12.70707 5.454 -16.87 -12.828 6.33588 -16.65326 -12.79086
4 16 5.454 -16.87 -12.828 6.76 -17.06 -12.70707 7.37 -17.48 -12.60785 7.542 -18.264 -12.494
3 16 7.542 -18.264 -12.494 7.37 -17.48 -12.60785 7.89098 -17.74065 -12.53576
3 16 7.542 -18.264 -12.494 7.89098 -17.74065 -12.53576 8.72 -18.01 -12.33475
4 16 7.542 -18.264 -12.494 8.72 -18.01 -12.33475 9.58 -18.09 -12.16581 11.11 -18.803 -11.752
3 16 11.11 -18.803 -11.752 9.58 -18.09 -12.16581 10.54927 -18.03053 -12.00511
3 16 11.11 -18.803 -11.752 10.54927 -18.03053 -12.00511 11.22617 -17.83954 -11.91194
4 0 11.92 -17.57 -11.61977 11.22617 -17.83954 -11.91194 11.447 -16.008 -12.216 12.67 -17.2 -11.32183
3 0 12.67 -17.2 -11.32183 11.447 -16.008 -12.216 13.16962 -16.89074 -11.13763
3 0 13.16962 -16.89074 -11.13763 11.447 -16.008 -12.216 12.81 -16.18 -11.44822
4 0 12.82 -15.69 -11.52234 12.81 -16.18 -11.44822 11.447 -16.008 -12.216 12.79956 -15.38903 -11.58229
4 0 12.65 -14.87 -11.63366 12.79956 -15.38903 -11.58229 11.447 -16.008 -12.216 12.34 -14.26 -11.75497
3 0 11.447 -16.008 -12.216 11.99154 -13.76794 -11.89748 12.34 -14.26 -11.75497
3 16 14.3 -17.47 -10.43 12.67 -17.2 -11.32183 13.16962 -16.89074 -11.13763
4 16 11.92 -17.57 -11.61977 12.67 -17.2 -11.32183 14.3 -17.47 -10.43 11.11 -18.803 -11.752
3 16 11.11 -18.803 -11.752 11.22617 -17.83954 -11.91194 11.92 -17.57 -11.61977
4 15 9.93069 -15.50383 -12.49888 9.88194 -15.71134 -12.51242 9.77506 -15.11994 -12.52131 9.89194 -15.27866 -12.50189
4 15 9.36782 -15.04113 -12.59841 9.52134 -15.04806 -12.56889 9.77506 -15.11994 -12.52131 9.08431 -15.91717 -12.67058
4 15 9.77506 -15.11994 -12.52131 9.88194 -15.71134 -12.51242 9.76152 -15.87459 -12.53892 9.56 -15.95 -12.57934
4 15 7.74242 -16.30757 -12.73162 8.56667 -16.10499 -12.6969 8.53999 -16.28559 -12.67557 8.46553 -16.42639 -12.6629
4 15 8.45424 -15.92386 -12.7004 8.56667 -16.10499 -12.6969 7.74242 -16.30757 -12.73162 8.2395 -15.85735 -12.70874
4 15 7.97897 -15.88873 -12.71952 8.2395 -15.85735 -12.70874 7.74242 -16.30757 -12.73162 7.79165 -16.0229 -12.72793
3 15 7.74242 -16.30757 -12.73162 7.73405 -16.1931 -12.73128 7.79165 -16.0229 -12.72793
4 15 8.08969 -16.54818 -12.67494 7.87933 -16.45822 -12.70207 7.74242 -16.30757 -12.73162 8.31366 -16.53278 -12.66039
3 15 8.31366 -16.53278 -12.66039 7.74242 -16.30757 -12.73162 8.46553 -16.42639 -12.6629
4 15 8.78903 -15.64567 -12.68515 8.75 -15.47 -12.68569 8.83471 -15.31981 -12.68136 8.89806 -15.79134 -12.68157
3 15 9.03077 -15.88936 -12.67676 8.89806 -15.79134 -12.68157 8.83471 -15.31981 -12.68136
4 15 9.03077 -15.88936 -12.67676 8.83471 -15.31981 -12.68136 9.00645 -15.14645 -12.65142 9.36782 -15.04113 -12.59841
4 15 9.56 -15.95 -12.57934 9.27873 -15.98526 -12.63437 9.08431 -15.91717 -12.67058 9.77506 -15.11994 -12.52131
3 15 9.08431 -15.91717 -12.67058 9.03077 -15.88936 -12.67676 9.36782 -15.04113 -12.59841
3 0 9.063 -15.983 -12.676 9.03077 -15.88936 -12.67676 9.08431 -15.91717 -12.67058
3 0 9.27873 -15.98526 -12.63437 9.063 -15.983 -12.676 9.08431 -15.91717 -12.67058
4 0 9.063 -15.983 -12.676 9.27873 -15.98526 -12.63437 10.54927 -18.03053 -12.00511 9.58 -18.09 -12.16581
4 0 9.03077 -15.88936 -12.67676 9.063 -15.983 -12.676 8.56667 -16.10499 -12.6969 8.89806 -15.79134 -12.68157
4 0 8.89806 -15.79134 -12.68157 8.56667 -16.10499 -12.6969 8.45424 -15.92386 -12.7004 8.78903 -15.64567 -12.68515
4 0 8.78903 -15.64567 -12.68515 8.45424 -15.92386 -12.7004 8.2395 -15.85735 -12.70874 8.75 -15.47 -12.68569
4 0 8.75 -15.47 -12.68569 8.2395 -15.85735 -12.70874 7.58 -15 -12.73049 8.83471 -15.31981 -12.68136
4 0 8.83471 -15.31981 -12.68136 7.58 -15 -12.73049 7.91 -14.16 -12.7121 8.27127 -13.68301 -12.69459
4 0 8.83471 -15.31981 -12.68136 8.27127 -13.68301 -12.69459 8.78 -13.25 -12.60899 9.00645 -15.14645 -12.65142
4 0 9.36782 -15.04113 -12.59841 9.00645 -15.14645 -12.65142 8.78 -13.25 -12.60899 9.43 -12.99 -12.51093
3 0 9.36782 -15.04113 -12.59841 9.43 -12.99 -12.51093 10.06559 -12.88505 -12.4208
4 0 7.58 -15 -12.73049 8.2395 -15.85735 -12.70874 7.97897 -15.88873 -12.71952 7.47 -15.82 -12.73981
3 0 7.79165 -16.0229 -12.72793 7.47 -15.82 -12.73981 7.97897 -15.88873 -12.71952
4 0 7.47 -15.82 -12.73981 7.79165 -16.0229 -12.72793 7.73405 -16.1931 -12.73128 7.47105 -16.37426 -12.74305
3 0 7.47105 -16.37426 -12.74305 7.73405 -16.1931 -12.73128 7.74242 -16.30757 -12.73162
4 0 7.47105 -16.37426 -12.74305 7.74242 -16.30757 -12.73162 7.87933 -16.45822 -12.70207 7.52 -16.63 -12.70644
4 0 7.52 -16.63 -12.70644 7.87933 -16.45822 -12.70207 8.08969 -16.54818 -12.67494 7.89098 -17.74065 -12.53576
3 0 7.89098 -17.74065 -12.53576 8.08969 -16.54818 -12.67494 8.31366 -16.53278 -12.66039
3 0 7.89098 -17.74065 -12.53576 8.31366 -16.53278 -12.66039 8.46553 -16.42639 -12.6629
4 0 9.063 -15.983 -12.676 7.89098 -17.74065 -12.53576 8.46553 -16.42639 -12.6629 8.53999 -16.28559 -12.67557
3 0 8.53999 -16.28559 -12.67557 8.56667 -16.10499 -12.6969 9.063 -15.983 -12.676
4 0 8.72 -18.01 -12.33475 7.89098 -17.74065 -12.53576 9.063 -15.983 -12.676 9.58 -18.09 -12.16581
3 0 11.447 -16.008 -12.216 9.27873 -15.98526 -12.63437 9.56 -15.95 -12.57934
3 0 11.447 -16.008 -12.216 9.56 -15.95 -12.57934 9.76152 -15.87459 -12.53892
3 0 11.447 -16.008 -12.216 9.76152 -15.87459 -12.53892 9.88194 -15.71134 -12.51242
3 0 11.447 -16.008 -12.216 9.88194 -15.71134 -12.51242 9.93069 -15.50383 -12.49888
3 0 11.447 -16.008 -12.216 9.93069 -15.50383 -12.49888 9.89194 -15.27866 -12.50189

0 // Nose
3 16 0 -12.247 -16.128 -.455 -12.183 -16.049 -.41 -11.479 -16.186
3 16 -.714 -11.28 -16.13 0 -10.904 -16.517 -.41 -11.479 -16.186
3 16 0 -10.904 -16.517 0 -12.247 -16.128 -.41 -11.479 -16.186
3 16 -2.304 -11.19 -15.514 0 -10.904 -16.517 -.714 -11.28 -16.13
3 16 -.714 -11.28 -16.13 -1.732 -11.385 -15.743 -2.304 -11.19 -15.514
3 16 -1.3805 -12.5394 -15.6297 -1.596 -12.903 -15.461 -1.732 -11.385 -15.743
3 16 -1.596 -12.903 -15.461 -2.304 -11.19 -15.514 -1.732 -11.385 -15.743
3 16 -.6036 -12.934 -15.7368 -1.596 -12.903 -15.461 -1.3805 -12.5394 -15.6297
3 16 0 -12.247 -16.128 -.6036 -12.934 -15.7368 -.455 -12.183 -16.049
3 16 -.7693 -12.6186 -15.7742 -.455 -12.183 -16.049 -.6036 -12.934 -15.7368
3 16 -1.3805 -12.5394 -15.6297 -.7693 -12.6186 -15.7742 -.6036 -12.934 -15.7368
3 16 -1.152 -14.156 -14.371 -2.7 -11.98 -14.593 -1.596 -12.903 -15.461
3 16 -2.7 -11.98 -14.593 -2.304 -11.19 -15.514 -1.596 -12.903 -15.461
3 16 -1.152 -14.156 -14.371 -1.596 -12.903 -15.461 0 -14.463 -14.367
3 16 -.6036 -12.934 -15.7368 0 -12.247 -16.128 0 -14.463 -14.367
3 16 -1.596 -12.903 -15.461 -.6036 -12.934 -15.7368 0 -14.463 -14.367
3 16 -.455 -12.183 -16.049 -.672 -11.811 -15.803 -.41 -11.479 -16.186
3 16 -.672 -11.811 -15.803 -.714 -11.28 -16.13 -.41 -11.479 -16.186
3 16 -1.732 -11.385 -15.743 -1.25 -12.163 -15.486 -1.3805 -12.5394 -15.6297
3 16 -.7693 -12.6186 -15.7742 -1.3805 -12.5394 -15.6297 -1.25 -12.163 -15.486
3 16 -.8586 -12.1427 -15.572 -.672 -11.811 -15.803 -.7693 -12.6186 -15.7742
3 16 -1.25 -12.163 -15.486 -.8586 -12.1427 -15.572 -.7693 -12.6186 -15.7742
3 16 -.672 -11.811 -15.803 -.455 -12.183 -16.049 -.7693 -12.6186 -15.7742
3 16 -.8586 -12.1427 -15.572 -1.25 -12.163 -15.486 -1.732 -11.385 -15.743
3 16 -.672 -11.811 -15.803 -.8586 -12.1427 -15.572 -1.732 -11.385 -15.743
3 16 -1.732 -11.385 -15.743 -.714 -11.28 -16.13 -.672 -11.811 -15.803
2 24 -.455 -12.183 -16.049 -.41 -11.479 -16.186
2 24 -.714 -11.28 -16.13 0 -10.904 -16.517
2 24 -.41 -11.479 -16.186 -.714 -11.28 -16.13
2 24 -1.732 -11.385 -15.743 -2.304 -11.19 -15.514
2 24 -1.732 -11.385 -15.743 -1.3805 -12.5394 -15.6297
2 24 -1.596 -12.903 -15.461 -2.304 -11.19 -15.514
2 24 -.6036 -12.934 -15.7368 -1.596 -12.903 -15.461
2 24 0 -12.247 -16.128 -.6036 -12.934 -15.7368
2 24 -.7693 -12.6186 -15.7742 -.455 -12.183 -16.049
2 24 -1.3805 -12.5394 -15.6297 -.7693 -12.6186 -15.7742
2 24 -1.152 -14.156 -14.371 -2.7 -11.98 -14.593
2 24 -2.7 -11.98 -14.593 -2.304 -11.19 -15.514
2 24 0 -14.463 -14.367 -1.152 -14.156 -14.371
2 24 -.672 -11.811 -15.803 -.714 -11.28 -16.13
2 24 -1.732 -11.385 -15.743 -1.25 -12.163 -15.486
2 24 -.8586 -12.1427 -15.572 -.672 -11.811 -15.803
2 24 -1.25 -12.163 -15.486 -.8586 -12.1427 -15.572

3 16 .455 -12.183 -16.049 0 -12.247 -16.128 .41 -11.479 -16.186
3 16 0 -10.904 -16.517 .714 -11.28 -16.13 .41 -11.479 -16.186
3 16 0 -12.247 -16.128 0 -10.904 -16.517 .41 -11.479 -16.186
3 16 0 -10.904 -16.517 2.304 -11.19 -15.514 .714 -11.28 -16.13
3 16 1.732 -11.385 -15.743 .714 -11.28 -16.13 2.304 -11.19 -15.514
3 16 1.596 -12.903 -15.461 1.3805 -12.5394 -15.6297 1.732 -11.385 -15.743
3 16 2.304 -11.19 -15.514 1.596 -12.903 -15.461 1.732 -11.385 -15.743
3 16 1.596 -12.903 -15.461 .6036 -12.934 -15.7368 1.3805 -12.5394 -15.6297
3 16 .6036 -12.934 -15.7368 0 -12.247 -16.128 .455 -12.183 -16.049
3 16 .455 -12.183 -16.049 .7693 -12.6186 -15.7742 .6036 -12.934 -15.7368
3 16 .7693 -12.6186 -15.7742 1.3805 -12.5394 -15.6297 .6036 -12.934 -15.7368
3 16 2.7 -11.98 -14.593 1.152 -14.156 -14.371 1.596 -12.903 -15.461
3 16 2.304 -11.19 -15.514 2.7 -11.98 -14.593 1.596 -12.903 -15.461
3 16 1.596 -12.903 -15.461 1.152 -14.156 -14.371 0 -14.463 -14.367
3 16 0 -12.247 -16.128 .6036 -12.934 -15.7368 0 -14.463 -14.367
3 16 .6036 -12.934 -15.7368 1.596 -12.903 -15.461 0 -14.463 -14.367
3 16 .672 -11.811 -15.803 .455 -12.183 -16.049 .41 -11.479 -16.186
3 16 .714 -11.28 -16.13 .672 -11.811 -15.803 .41 -11.479 -16.186
3 16 1.25 -12.163 -15.486 1.732 -11.385 -15.743 1.3805 -12.5394 -15.6297
3 16 1.3805 -12.5394 -15.6297 .7693 -12.6186 -15.7742 1.25 -12.163 -15.486
3 16 .672 -11.811 -15.803 .8586 -12.1427 -15.572 .7693 -12.6186 -15.7742
3 16 .8586 -12.1427 -15.572 1.25 -12.163 -15.486 .7693 -12.6186 -15.7742
3 16 .455 -12.183 -16.049 .672 -11.811 -15.803 .7693 -12.6186 -15.7742
3 16 1.25 -12.163 -15.486 .8586 -12.1427 -15.572 1.732 -11.385 -15.743
3 16 .8586 -12.1427 -15.572 .672 -11.811 -15.803 1.732 -11.385 -15.743
3 16 .714 -11.28 -16.13 1.732 -11.385 -15.743 .672 -11.811 -15.803
2 24 .455 -12.183 -16.049 .41 -11.479 -16.186
2 24 .714 -11.28 -16.13 0 -10.904 -16.517
2 24 .41 -11.479 -16.186 .714 -11.28 -16.13
2 24 1.732 -11.385 -15.743 2.304 -11.19 -15.514
2 24 1.732 -11.385 -15.743 1.3805 -12.5394 -15.6297
2 24 1.596 -12.903 -15.461 2.304 -11.19 -15.514
2 24 .6036 -12.934 -15.7368 1.596 -12.903 -15.461
2 24 0 -12.247 -16.128 .6036 -12.934 -15.7368
2 24 .7693 -12.6186 -15.7742 .455 -12.183 -16.049
2 24 1.3805 -12.5394 -15.6297 .7693 -12.6186 -15.7742
2 24 1.152 -14.156 -14.371 2.7 -11.98 -14.593
2 24 2.7 -11.98 -14.593 2.304 -11.19 -15.514
2 24 0 -14.463 -14.367 1.152 -14.156 -14.371
2 24 .672 -11.811 -15.803 .714 -11.28 -16.13
2 24 1.732 -11.385 -15.743 1.25 -12.163 -15.486
2 24 .8586 -12.1427 -15.572 .672 -11.811 -15.803
2 24 1.25 -12.163 -15.486 .8586 -12.1427 -15.572
0 // Mouth


4 84 -0.89 -6.92 -16.88936 0 -7.275 -17.191 -2.92 -7.36 -16.34816 -1.89 -6.74 -16.57615
4 84 -1.89 -6.74 -16.57615 -2.92 -7.36 -16.34816 -3.44 -7.14 -16.17044 -2.66 -6.51 -16.32424
4 84 -3.34 -6.26 -16.09627 -2.66 -6.51 -16.32424 -3.44 -7.14 -16.17044 -3.79 -6.94 -16.04473
3 84 -3.79 -6.94 -16.04473 -3.9 -6.05 -15.90804 -3.34 -6.26 -16.09627
3 84 -3.79 -6.94 -16.04473 -4.38 -6.71 -15.73543 -3.9 -6.05 -15.90804
3 84 -4.38 -6.71 -15.73543 -4.42 -5.95 -15.65222 -3.9 -6.05 -15.90804
4 84 -4.98 -5.93 -15.38239 -4.42 -5.95 -15.65222 -4.38 -6.71 -15.73543 -4.94 -6.61 -15.45886
4 84 -5.54 -5.95 -15.11594 -4.98 -5.93 -15.38239 -4.94 -6.61 -15.45886 -5.69417 -6.59076 -15.09613
4 84 -6.07 -6.02 -14.86807 -5.54 -5.95 -15.11594 -5.69417 -6.59076 -15.09613 -6.59976 -6.23938 -14.63291
4 84 -6.59976 -6.23938 -14.63291 -5.69417 -6.59076 -15.09613 -6.16 -6.57 -14.85319 -6.81 -6.42 -14.51773
4 84 -6.84 -6.54 -14.49855 -6.81 -6.42 -14.51773 -6.16 -6.57 -14.85319 -6.73 -6.63 -14.55344
4 84 -2.15 -7.61 -16.51859 -2.92 -7.36 -16.34816 0 -7.275 -17.191 -1.21 -7.79 -16.75194
4 84 -0.35089 -7.87124 -16.98068 -1.21 -7.79 -16.75194 0 -7.275 -17.191 0 -7.88 -17.07864
3 16 -3.673 -7.375 -16.13 -3.44 -7.14 -16.17044 -2.92 -7.36 -16.34816
3 16 -3.673 -7.375 -16.13 -3.79 -6.94 -16.04473 -3.44 -7.14 -16.17044
3 16 -3.673 -7.375 -16.13 -4.38 -6.71 -15.73543 -3.79 -6.94 -16.04473
4 16 -4.94 -6.61 -15.45886 -4.38 -6.71 -15.73543 -3.673 -7.375 -16.13 -5.69417 -6.59076 -15.09613
4 16 -6.16 -6.57 -14.85319 -5.69417 -6.59076 -15.09613 -3.673 -7.375 -16.13 -6.73 -6.63 -14.55344
3 16 -3.673 -7.375 -16.13 -8.73 -6.932 -13.499 -6.73 -6.63 -14.55344
3 16 -8.73 -6.932 -13.499 -6.84 -6.54 -14.49855 -6.73 -6.63 -14.55344
4 16 -6.81 -6.42 -14.51773 -6.84 -6.54 -14.49855 -8.73 -6.932 -13.499 -9.446 -5.135 -13.177
3 16 -6.81 -6.42 -14.51773 -9.446 -5.135 -13.177 -6.59976 -6.23938 -14.63291
3 16 -6.59976 -6.23938 -14.63291 -9.446 -5.135 -13.177 -6.07 -6.02 -14.86807
4 16 -5.54 -5.95 -15.11594 -6.07 -6.02 -14.86807 -9.446 -5.135 -13.177 -4.163 -4.618 -15.663
3 16 -5.54 -5.95 -15.11594 -4.163 -4.618 -15.663 -4.98 -5.93 -15.38239
3 16 -4.42 -5.95 -15.65222 -4.98 -5.93 -15.38239 -4.163 -4.618 -15.663
3 16 -3.9 -6.05 -15.90804 -4.42 -5.95 -15.65222 -4.163 -4.618 -15.663
4 16 -3.34 -6.26 -16.09627 -3.9 -6.05 -15.90804 -4.163 -4.618 -15.663 -2.66 -6.51 -16.32424
3 16 0 -10.904 -16.517 -0.35089 -7.87124 -16.98068 0 -7.88 -17.07864
3 16 -4.163 -4.618 -15.663 -6.422 -2.347 -13.855 -4.232 -2.186 -14.479
4 84 2.92 -7.36 -16.34816 0 -7.275 -17.191 0.89 -6.92 -16.88936 1.89 -6.74 -16.57615
4 84 3.44 -7.14 -16.17044 2.92 -7.36 -16.34816 1.89 -6.74 -16.57615 2.66 -6.51 -16.32424
4 84 3.44 -7.14 -16.17044 2.66 -6.51 -16.32424 3.34 -6.26 -16.09627 3.79 -6.94 -16.04473
3 84 3.79 -6.94 -16.04473 3.34 -6.26 -16.09627 3.9 -6.05 -15.90804
3 84 3.79 -6.94 -16.04473 3.9 -6.05 -15.90804 4.38 -6.71 -15.73543
3 84 4.38 -6.71 -15.73543 3.9 -6.05 -15.90804 4.42 -5.95 -15.65222
4 84 4.38 -6.71 -15.73543 4.42 -5.95 -15.65222 4.98 -5.93 -15.38239 4.94 -6.61 -15.45886
4 84 4.94 -6.61 -15.45886 4.98 -5.93 -15.38239 5.54 -5.95 -15.11594 5.69417 -6.59076 -15.09613
4 84 5.69417 -6.59076 -15.09613 5.54 -5.95 -15.11594 6.07 -6.02 -14.86807 6.59976 -6.23938 -14.63291
4 84 6.16 -6.57 -14.85319 5.69417 -6.59076 -15.09613 6.59976 -6.23938 -14.63291 6.81 -6.42 -14.51773
4 84 6.16 -6.57 -14.85319 6.81 -6.42 -14.51773 6.84 -6.54 -14.49855 6.73 -6.63 -14.55344
3 16 3.673 -7.375 -16.13 2.92 -7.36 -16.34816 3.44 -7.14 -16.17044
3 16 3.673 -7.375 -16.13 3.44 -7.14 -16.17044 3.79 -6.94 -16.04473
3 16 3.673 -7.375 -16.13 3.79 -6.94 -16.04473 4.38 -6.71 -15.73543
4 16 3.673 -7.375 -16.13 4.38 -6.71 -15.73543 4.94 -6.61 -15.45886 5.69417 -6.59076 -15.09613
4 16 3.673 -7.375 -16.13 5.69417 -6.59076 -15.09613 6.16 -6.57 -14.85319 6.73 -6.63 -14.55344
3 16 3.673 -7.375 -16.13 6.73 -6.63 -14.55344 8.73 -6.932 -13.499
3 16 8.73 -6.932 -13.499 6.73 -6.63 -14.55344 6.84 -6.54 -14.49855
4 16 8.73 -6.932 -13.499 6.84 -6.54 -14.49855 6.81 -6.42 -14.51773 9.446 -5.135 -13.177
3 16 6.81 -6.42 -14.51773 6.59976 -6.23938 -14.63291 9.446 -5.135 -13.177
3 16 6.59976 -6.23938 -14.63291 6.07 -6.02 -14.86807 9.446 -5.135 -13.177
4 16 9.446 -5.135 -13.177 6.07 -6.02 -14.86807 5.54 -5.95 -15.11594 4.163 -4.618 -15.663
3 16 5.54 -5.95 -15.11594 4.98 -5.93 -15.38239 4.163 -4.618 -15.663
3 16 4.42 -5.95 -15.65222 4.163 -4.618 -15.663 4.98 -5.93 -15.38239
3 16 3.9 -6.05 -15.90804 4.163 -4.618 -15.663 4.42 -5.95 -15.65222
4 16 4.163 -4.618 -15.663 3.9 -6.05 -15.90804 3.34 -6.26 -16.09627 2.66 -6.51 -16.32424
3 16 4.163 -4.618 -15.663 4.232 -2.186 -14.479 6.422 -2.347 -13.855
4 84 0 -7.275 -17.191 2.15 -7.61 -16.51859 1.21 -7.79 -16.75194 0.35089 -7.87124 -16.98068
3 84 0 -7.88 -17.07864 0 -7.275 -17.191 0.35089 -7.87124 -16.98068
3 16 0 -10.904 -16.517 0 -7.88 -17.07864 0.35089 -7.87124 -16.98068
3 84 2.15 -7.61 -16.51859 0 -7.275 -17.191 2.92 -7.36 -16.34816
3 16 -9.446 -5.135 -13.177 -8.4204 -3.2015 -13.4669 -4.163 -4.618 -15.663
3 16 -4.163 -4.618 -15.663 -8.4204 -3.2015 -13.4669 -6.422 -2.347 -13.855
3 16 -4.163 -4.618 -15.663 -4.232 -2.186 -14.479 0 -4.284 -16.586
3 16 0 -4.284 -16.586 -4.232 -2.186 -14.479 0 -1.884 -15.072
3 16 0 -4.284 -16.586 0 -1.884 -15.072 4.232 -2.186 -14.479
3 16 4.163 -4.618 -15.663 0 -4.284 -16.586 4.232 -2.186 -14.479
3 16 4.163 -4.618 -15.663 6.422 -2.347 -13.855 8.4204 -3.2015 -13.4669
3 16 9.446 -5.135 -13.177 4.163 -4.618 -15.663 8.4204 -3.2015 -13.4669
3 84 0 -7.275 -17.191 -0.89 -6.92 -16.88936 -0.51786 -6.94448 -17.00092
3 84 0 -7.275 -17.191 -0.51786 -6.94448 -17.00092 0 -6.96 -17.12728
3 84 0 -7.275 -17.191 0 -6.96 -17.12728 0.5179 -6.9445 -17.00092
3 84 0 -7.275 -17.191 0.5179 -6.9445 -17.00092 0.89 -6.92 -16.88936
4 16 -1.89 -6.74 -16.57615 -2.66 -6.51 -16.32424 -4.163 -4.618 -15.663 -0.89 -6.92 -16.88936
3 16 -0.51786 -6.94448 -17.00092 -0.89 -6.92 -16.88936 -4.163 -4.618 -15.663
4 16 -0.51786 -6.94448 -17.00092 -4.163 -4.618 -15.663 0 -4.284 -16.586 0 -6.96 -17.12728
4 16 0.5179 -6.9445 -17.00092 0 -6.96 -17.12728 0 -4.284 -16.586 4.163 -4.618 -15.663
4 16 0.89 -6.92 -16.88936 0.5179 -6.9445 -17.00092 4.163 -4.618 -15.663 1.89 -6.74 -16.57615
3 16 1.89 -6.74 -16.57615 4.163 -4.618 -15.663 2.66 -6.51 -16.32424
4 16 2.15 -7.61 -16.51859 2.92 -7.36 -16.34816 3.673 -7.375 -16.13 0 -10.904 -16.517
3 16 0 -10.904 -16.517 1.21 -7.79 -16.75194 2.15 -7.61 -16.51859
3 16 0 -10.904 -16.517 0.35089 -7.87124 -16.98068 1.21 -7.79 -16.75194
4 16 -3.673 -7.375 -16.13 -2.92 -7.36 -16.34816 -2.15 -7.61 -16.51859 0 -10.904 -16.517
3 16 0 -10.904 -16.517 -2.15 -7.61 -16.51859 -1.21 -7.79 -16.75194
3 16 0 -10.904 -16.517 -1.21 -7.79 -16.75194 -0.35089 -7.87124 -16.98068
3 16 -6.8134 -8.6434 -13.7984 -8.73 -6.932 -13.499 -3.673 -7.375 -16.13
3 16 -4.7854 -9.9883 -14.449 -6.8134 -8.6434 -13.7984 -3.673 -7.375 -16.13
3 16 -2.7 -11.98 -14.593 -4.7854 -9.9883 -14.449 -3.673 -7.375 -16.13
3 16 -2.7 -11.98 -14.593 -3.673 -7.375 -16.13 -2.304 -11.19 -15.514
3 16 6.8134 -8.6434 -13.7984 3.673 -7.375 -16.13 8.73 -6.932 -13.499
3 16 4.7854 -9.9883 -14.449 3.673 -7.375 -16.13 6.8134 -8.6434 -13.7984
3 16 2.7 -11.98 -14.593 3.673 -7.375 -16.13 4.7854 -9.9883 -14.449
3 16 2.7 -11.98 -14.593 2.304 -11.19 -15.514 3.673 -7.375 -16.13
3 16 2.304 -11.19 -15.514 0 -10.904 -16.517 3.673 -7.375 -16.13
3 16 -2.304 -11.19 -15.514 -3.673 -7.375 -16.13 0 -10.904 -16.517
