0 ~Flag  8 x  3 with Rod without Reinforced Base and Flat Sides without Front and Back Faces
0 Name: s\35252s01.dat
0 Author: Orion Pobursky [OrionP]
0 !LDRAW_ORG Unofficial_Subpart
0 !LICENSE Redistributable under CCAL version 2.0 : see CAreadme.txt

0 BFC CERTIFY CCW

1 16 0 -24 0 4 0 0 0 48 0 0 0 4 4-4cylo.dat

1 16 0 -30 0 -5.54328 0 2.2961 0 1 0 -2.2961 0 -5.54328 3-8disc.dat
1 16 0 -30 0 -5.54328 0 2.2961 0 6 0 -2.2961 0 -5.54328 3-8cylo.dat
1 16 0 -30 0 -4.24264 0 -4.24264 0 6 0 4.24264 0 -4.24264 1-16cylo.dat
1 16 0 -30 0 -4.24264 0 -4.24264 0 6 0 4.24264 0 -4.24264 1-16disc.dat
1 16 0 -30 0 5.54328 0 -2.2961 0 6 0 2.2961 0 5.54328 1-16cylo.dat
1 16 0 -30 0 5.54328 0 -2.2961 0 6 0 2.2961 0 5.54328 1-16disc.dat
1 16 0 -24 0 1.84776 0 -.76537 0 -1 0 -.76537 0 -1.84776 3-8ring2.dat
1 16 0 -24 0 1.41421 0 1.41421 0 -1 0 1.41421 0 -1.41421 1-16rin2.dat
1 16 0 -24 0 -1.84776 0 .76537 0 -1 0 .76537 0 1.84776 1-16rin2.dat
3 16 -4 -24 0 -3.696 -24 -1.531 -5.543 -24 -2.296
3 16 -4 -24 0 -5.543 -24 -2.296 -5.543 -24 2.296
3 16 -4 -24 0 -5.543 -24 2.296 -3.696 -24 1.531
3 16 5.543 -24 -2.296 3.696 -24 -1.531 4 -24 0
3 16 5.543 -24 -2.296 4 -24 0 5.543 -24 2.296
3 16 5.543 -24 2.296 4 -24 0 3.696 -24 1.531
3 16 5.543 -30 -2.296 5.543 -30 2.296 0 -30 0
3 16 -5.543 -30 -2.296 0 -30 0 -5.543 -30 2.296
1 16 -5.543 -27 0 0 1 0 -3 0 0 0 0 2.2961 rect.dat
1 16 5.54328 -27 0 0 -1 0 -3 0 0 0 0 -2.2961 rect.dat

1 16 0 30 0 5.54328 0 -2.2961 0 -1 0 -2.2961 0 -5.54328 3-8disc.dat
1 16 0 30 0 5.54328 0 -2.2961 0 -6 0 -2.2961 0 -5.54328 3-8cylo.dat
1 16 0 30 0 4.24264 0 4.24264 0 -6 0 4.24264 0 -4.24264 1-16cylo.dat
1 16 0 30 0 4.24264 0 4.24264 0 -6 0 4.24264 0 -4.24264 1-16disc.dat
1 16 0 30 0 -5.54328 0 2.2961 0 -6 0 2.2961 0 5.54328 1-16cylo.dat
1 16 0 30 0 -5.54328 0 2.2961 0 -6 0 2.2961 0 5.54328 1-16disc.dat
1 16 0 24 0 -1.84776 0 .76537 0 1 0 -.76537 0 -1.84776 3-8ring2.dat
1 16 0 24 0 -1.41421 0 -1.41421 0 1 0 1.41421 0 -1.41421 1-16rin2.dat
1 16 0 24 0 1.84776 0 -.76537 0 1 0 .76537 0 1.84776 1-16rin2.dat
3 16 4 24 0 3.696 24 -1.531 5.543 24 -2.296
3 16 4 24 0 5.543 24 -2.296 5.543 24 2.296
3 16 4 24 0 5.543 24 2.296 3.696 24 1.531
3 16 -5.543 24 -2.296 -3.696 24 -1.531 -4 24 0
3 16 -5.543 24 -2.296 -4 24 0 -5.543 24 2.296
3 16 -5.543 24 2.296 -4 24 0 -3.696 24 1.531
3 16 -5.543 30 -2.296 -5.543 30 2.296 0 30 0
3 16 5.543 30 -2.296 0 30 0 5.543 30 2.296
1 16 5.543 27 0 0 -1 0 3 0 0 0 0 2.2961 rect.dat
1 16 -5.54328 27 0 0 1 0 3 0 0 0 0 -2.2961 rect.dat

1 16 0 0 10 -2 0 0 0 0 -24 0 1 0 rect.dat

0 BFC INVERTNEXT
1 16 8 -30 9.21 -6 0 0 0 6 0 0 0 -6 1-8cylo.dat
0 BFC INVERTNEXT
1 16 -8 -30 9.21 6 0 0 0 6 0 0 0 -6 1-8cylo.dat
2 24 4.243 -30 4.243 3.757 -30 4.967
2 24 -4.243 -30 4.243 -3.757 -30 4.967
2 24 4.243 -24 4.243 3.757 -24 4.967
2 24 -4.243 -24 4.243 -3.757 -24 4.967
4 16 4.243 -24 4.243 3.757 -24 4.967 3.757 -30 4.967 4.243 -30 4.243
4 16 -4.243 -30 4.243 -3.757 -30 4.967 -3.757 -24 4.967 -4.243 -24 4.243
2 24 2 -30 10 2 -30 148
2 24 -2 -30 10 -2 -30 148
2 24 2 -24 9.21 2 -24 10
2 24 -2 -24 9.21 -2 -24 10
4 16 2 -30 148 -2 -30 148 -2 -30 10 2 -30 10
4 16 -2 -24 10 2 -24 10 2 -24 9.21 0 -24 9.21
3 16 -2 -24 9.21 -2 -24 10 0 -24 9.21
1 16 8 -30 9.21 -6 0 0 0 1 0 0 0 -6 1-8ndis.dat
1 16 -8 -30 9.21 6 0 0 0 1 0 0 0 -6 1-8ndis.dat
4 16 4.243 -30 4.243 3.757 -30 4.967 2 -30 3.21 0 -30 0
4 16 0 -30 0 -2 -30 3.21 -3.757 -30 4.967 -4.243 -30 4.243
3 16 0 -30 0 2 -30 3.21 -2 -30 3.21
1 16 8 -24 9.21 -1.4142 0 -1.4142 0 -1 0 -1.4142 0 1.4142 1-8ring3.dat
1 16 -8 -24 9.21 1.4142 0 1.4142 0 -1 0 -1.4142 0 1.4142 1-8ring3.dat
4 16 2.828 -24 2.828 2.343 -24 3.553 3.757 -24 4.967 4.243 -24 4.243
3 16 2.343 -24 3.553 2.828 -24 2.828 1.531 -24 3.696
4 16 1.531 -24 3.696 0 -24 4 0.609 -24 6.149 2.343 -24 3.553
4 16 0 -24 4 -0.609 -24 6.149 0 -24 9.21 0.609 -24 6.149
4 16 -2.343 -24 3.553 -0.609 -24 6.149 0 -24 4 -1.531 -24 3.696
3 16 -1.531 -24 3.696 -2.828 -24 2.828 -2.343 -24 3.553
4 16 -4.243 -24 4.243 -3.757 -24 4.967 -2.343 -24 3.553 -2.828 -24 2.828

0 BFC INVERTNEXT
1 16 -8 30 9.21 6 0 0 0 -6 0 0 0 -6 1-8cylo.dat
0 BFC INVERTNEXT
1 16 8 30 9.21 -6 0 0 0 -6 0 0 0 -6 1-8cylo.dat
2 24 -4.243 30 4.243 -3.757 30 4.967
2 24 4.243 30 4.243 3.757 30 4.967
2 24 -4.243 24 4.243 -3.757 24 4.967
2 24 4.243 24 4.243 3.757 24 4.967
4 16 -4.243 24 4.243 -3.757 24 4.967 -3.757 30 4.967 -4.243 30 4.243
4 16 4.243 30 4.243 3.757 30 4.967 3.757 24 4.967 4.243 24 4.243
2 24 -2 30 10 -2 30 148
2 24 2 30 10 2 30 148
2 24 -2 24 9.21 -2 24 10
2 24 2 24 9.21 2 24 10
4 16 -2 30 148 2 30 148 2 30 10 -2 30 10
4 16 2 24 10 -2 24 10 -2 24 9.21 0 24 9.21
3 16 2 24 9.21 2 24 10 0 24 9.21
1 16 -8 30 9.21 6 0 0 0 -1 0 0 0 -6 1-8ndis.dat
1 16 8 30 9.21 -6 0 0 0 -1 0 0 0 -6 1-8ndis.dat
4 16 -4.243 30 4.243 -3.757 30 4.967 -2 30 3.21 0 30 0
4 16 0 30 0 2 30 3.21 3.757 30 4.967 4.243 30 4.243
3 16 0 30 0 -2 30 3.21 2 30 3.21
1 16 -8 24 9.21 1.4142 0 1.4142 0 1 0 -1.4142 0 1.4142 1-8ring3.dat
1 16 8 24 9.21 -1.4142 0 -1.4142 0 1 0 -1.4142 0 1.4142 1-8ring3.dat
4 16 -2.828 24 2.828 -2.343 24 3.553 -3.757 24 4.967 -4.243 24 4.243
3 16 -2.343 24 3.553 -2.828 24 2.828 -1.531 24 3.696
4 16 -1.531 24 3.696 0 24 4 -0.609 24 6.149 -2.343 24 3.553
4 16 0 24 4 0.609 24 6.149 0 24 9.21 -0.609 24 6.149
4 16 2.343 24 3.553 0.609 24 6.149 0 24 4 1.531 24 3.696
3 16 1.531 24 3.696 2.828 24 2.828 2.343 24 3.553
4 16 4.243 24 4.243 3.757 24 4.967 2.343 24 3.553 2.828 24 2.828

1 16 0 0 150 0 0 2 -28 0 0 0 -1 0 rect2p.dat
1 16 2 -28 148 0 -4 0 -2 0 0 0 0 2 1-4cylo.dat
1 16 2 28 148 0 -4 0 2 0 0 0 0 2 1-4cylo.dat

4 16 2 30 3.21 -2 30 3.21 -2 30 9.21 2 30 9.21
4 16 2 30 9.21 -2 30 9.21 -2 30 10 2 30 10
4 16 2 30 10 2 24 10 2 24 9.21 2 30 9.21
4 16 -2 30 9.21 -2.00011508 24 9.21 -2 24 10 -2 30 10
2 24 2 30 9.21 2 30 10
2 24 -2 30 10 -2 30 9.21
4 16 2 -30 9.21 -2 -30 9.21 -2 -30 3.21 2 -30 3.21
4 16 2 -24 10 2 -30 10 2 -30 9.21 2 -24 9.21
4 16 2 -30 9.21 2 -30 10 -2 -30 10 -2 -30 9.21
4 16 -2 -30 10 -2 -24 10 -2.00011508 -24 9.21 -2 -30 9.21
2 24 -2 -30 9.21 -2 -30 10
2 24 2 -30 9.21 2 -30 10
