0 ~Minifig Head with Beard, Hair and Sideburns in Vertical Line Pattern - Half
0 Name: s\3626bpads01.dat
0 Author: Mikkel Bech Jensen [gaia]
0 !LDRAW_ORG Unofficial_Subpart
0 !LICENSE Redistributable under CCAL version 2.0 : see CAreadme.txt

0 BFC CERTIFY CCW

0 !HISTORY 2019-11-19 [Holly-Wood] Complete overhaul, corrected perspective distortion 

0 // Pattern
0 // Black
1 0 0 3.8 -12.95 0 0 -.3 -.3 0 0 .07443 1 .05963 1-4disc.dat
1 0 -1.636 3.8 -12.625 .3 0 0 0 0 -.3 -.05963 1 .07443 2-4chrd.dat
1 0 -2.973 3.8 -12.359 .3 0 0 0 0 -.3 -.05963 1 .07443 2-4chrd.dat
1 0 -4.307 3.8 -12.093 .3 0 0 0 0 -.3 -.05963 1 .07443 2-4chrd.dat

1 0 0 6.425 -13 -.3 0 0 0 0 .3 .0597 1 0 1-4disc.dat
1 0 -1.636 5.9 -12.675 -.3 0 0 0 0 .3 .0597 1 0 2-4chrd.dat
1 0 -4.307 4.4 -12.143 -.3 0 0 0 0 .3 .0597 1 0 2-4chrd.dat
1 0 -2.973 5.2 -12.409 -.3 0 0 0 0 .3 .0597 1 0 2-4chrd.dat

1 0 -3.259 12.8 -12.351 .4 0 0 0 0 -.4 -.0796 1 0 2-4chrd.dat
1 0 -4.4 13.4 -12.124 .4 0 0 0 0 -.4 -.0796 1 0 2-4chrd.dat
1 0 -2.116 12.2 -12.579 .4 0 0 0 0 -.4 -.0796 1 0 2-4chrd.dat
1 0 -.973 12.3 -12.806 .4 0 0 0 0 -.4 -.0796 1 0 2-4chrd.dat
1 0 0 12.5 -13 0 0 -.4 -.4 0 0 0 1 .0796 1-4disc.dat

1 0 -.973 14.2 -12.806 -.4 0 0 0 0 .4 .0796 1 0 2-4chrd.dat
1 0 -3.259 13.5 -12.351 -.4 0 0 0 0 .4 .0796 1 0 2-4chrd.dat
1 0 -2.116 14 -12.579 -.4 0 0 0 0 .4 .0796 1 0 2-4chrd.dat
1 0 -4.4 15.1 -12.124 -.4 0 0 0 0 .4 .0796 1 0 2-4chrd.dat
1 0 0 14.325 -13 -.4 0 0 0 0 .4 .0796 1 0 1-4disc.dat

1 0 -4.4 16.6 -12.124 .4 0 0 0 0 -.4 -.0796 1 0 2-4chrd.dat
1 0 -3.259 16.4 -12.351 .4 0 0 0 0 -.4 -.0796 1 0 2-4chrd.dat
1 0 -2.116 16.9 -12.579 .4 0 0 0 0 -.4 -.0796 1 0 2-4chrd.dat
1 0 -.973 17 -12.806 .4 0 0 0 0 -.4 -.0796 1 0 2-4chrd.dat
1 0 0 17 -13 0 0 -.4 -.4 0 0 0 1 .0796 1-4disc.dat

1 0 -.973 18.131 -12.525 -.4 0 0 0 0 .4 .0795 1 .09954 2-4chrd.dat
1 0 -2.113 18.131 -12.299 -.4 0 0 0 0 .4 .0795 1 .09954 2-4chrd.dat
1 0 -3.26 17.7 -12.177 -.4 0 0 0 0 .4 .0795 1 .09954 2-4chrd.dat
1 0 -4.4 17.7 -11.95 -.4 0 0 0 0 .4 .0795 1 .09954 2-4chrd.dat
1 0 0 18.131 -12.718 -.4 0 0 0 0 .4 .0795 1 .09954 1-4disc.dat

1 0 -5.486 3.8 -11.62 .24584 0 .04048 0 1 -.29168 -.16555 0 .06011 2-4chrd.dat
1 0 -6.536 3.799 -10.919 .24584 0 .04048 0 1 -.29168 -.16555 0 .06011 2-4chrd.dat
1 0 -7.587 3.798 -10.217 .24584 0 .04048 0 1 -.29168 -.16555 0 .06011 2-4chrd.dat
1 0 -8.636 3.797 -9.514 .24584 0 .04048 0 1 -.29168 -.16555 0 .06011 2-4chrd.dat

1 0 -8.659 4.2 -9.548 -.24645 0 0 0 0 .30055 .16464 1 0 2-4chrd.dat
1 0 -7.609 4.2 -10.25 -.24645 0 0 0 0 .30055 .16464 1 0 2-4chrd.dat
1 0 -6.558 4.1 -10.952 -.24645 0 0 0 0 .30055 .16464 1 0 2-4chrd.dat
1 0 -5.508 4.2 -11.653 -.24645 0 0 0 0 .30055 .16464 1 0 2-4chrd.dat

1 0 -7.611 14.5 -10.249 .24645 0 0 0 0 -.30055 -.16464 1 0 2-4chrd.dat
1 0 -8.665 14.3 -9.545 .24645 0 0 0 0 -.30055 -.16464 1 0 2-4chrd.dat
1 0 -6.556 14.3 -10.953 .24645 0 0 0 0 -.30055 -.16464 1 0 2-4chrd.dat
1 0 -5.502 13.9 -11.658 .24645 0 0 0 0 -.30055 -.16464 1 0 2-4chrd.dat

1 0 -8.584 17.564 -9.424 -.24645 -.01368 .04033 0 -.20088 .29165 .16464 .97952 .06037 2-4chrd.dat
1 0 -7.503 17.653 -10.087 -.24645 -.01368 .04033 0 -.20088 .29165 .16464 .97952 .06037 2-4chrd.dat
1 0 -6.475 17.564 -10.832 -.24645 -.01368 .04033 0 -.20088 .29165 .16464 .97952 .06037 2-4chrd.dat
1 0 -5.421 17.565 -11.537 -.24645 -.01368 .04033 0 -.20088 .29165 .16464 .97952 .06037 2-4chrd.dat

1 0 -9.513 3.808 -8.634 .16667 0 .06026 0 1 -.29111 -.24944 0 .04026 2-4chrd.dat
1 0 -10.215 3.808 -7.584 .16667 0 .06026 0 1 -.29111 -.24944 0 .04026 2-4chrd.dat
1 0 -10.916 3.808 -6.534 .16667 0 .06026 0 1 -.29111 -.24944 0 .04026 2-4chrd.dat
1 0 -11.618 3.808 -5.483 .16667 0 .06026 0 1 -.29111 -.24944 0 .04026 2-4chrd.dat

1 0 -10.953 6.15 -6.557 -.168 0 0 0 0 .3 .25148 1 0 2-4chrd.dat
1 0 -10.249 5 -7.611 -.168 0 0 0 0 .3 .25148 1 0 2-4chrd.dat
1 0 -9.544 4.5 -8.666 -.168 0 0 0 0 .3 .25148 1 0 2-4chrd.dat

1 0 -10.953 11 -6.557 .168 0 0 0 0 -.3 -.25148 1 0 2-4chrd.dat
1 0 -10.249 12.8 -7.612 .168 0 0 0 0 -.3 -.25148 1 0 2-4chrd.dat
1 0 -9.544 13.8 -8.666 .168 0 0 0 0 -.3 -.25148 1 0 2-4chrd.dat

1 0 -10.249 16.6 -7.611 -.168 0 0 0 0 .3 .25148 1 0 2-4chrd.dat
1 0 -10.953 15.75 -6.557 -.168 0 0 0 0 .3 .25148 1 0 2-4chrd.dat
1 0 -11.658 14.65 -5.502 -.168 0 0 0 0 .3 .25148 1 0 2-4chrd.dat
1 0 -9.513 17.45 -8.634 .16667 0 .06026 0 -1 .29111 -.24944 0 .04026 2-4chrd.dat

1 0 -3.5 9.9 -12.304 1.34 0 0 0 0 -1.34 -.26665 1 0 4-4disc.dat

4 0 -4.007 3.8 -12.15263 -4.607 3.8 -12.03337 -4.614 4 -12.082 -4.014 4 -12.201
4 0 -2.673 3.8 -12.41863 -3.273 3.8 -12.29937 -3.282 4 -12.347 -2.682 4 -12.466
4 0 -1.336 3.8 -12.68463 -1.936 3.8 -12.56537 -1.945 4 -12.613 -1.345 4 -12.732
4 0 0 3.8 -12.95 -.3 3.8 -12.89037 -.3 4 -12.94 0 4 -13

4 0 -8.413 4 -9.714 -8.39016 3.797 -9.67955 -8.88184 3.797 -9.34845 -8.906 4 -9.384
4 0 -7.83284 3.798 -10.05145 -7.856 4 -10.086 -7.363 4 -10.415 -7.34116 3.798 -10.38255
4 0 -6.312 4 -11.117 -6.29016 3.799 -11.08455 -6.78184 3.799 -10.75345 -6.805 4 -10.788
4 0 -5.73184 3.8 -11.45445 -5.755 4 -11.489 -5.262 4 -11.818 -5.24016 3.8 -11.78555

4 0 -9.376 4 -8.917 -9.34633 3.808 -8.88344 -9.67967 3.808 -8.38456 -9.712 4 -8.414
4 0 -10.081 4 -7.863 -10.04833 3.808 -7.83344 -10.38167 3.808 -7.33456 -10.417 4 -7.36
4 0 -10.785 4 -6.808 -10.74933 3.808 -6.78344 -11.08267 3.808 -6.28456 -11.121 4 -6.305
4 0 -11.49 4 -5.754 -11.45133 3.808 -5.73244 -11.78467 3.808 -5.23356 -11.826 4 -5.251

4 0 -4.614 4 -12.082 -4.607 4.4 -12.0833 -4.007 4.4 -12.2027 -4.014 4 -12.201
4 0 -3.282 4 -12.347 -3.273 5.2 -12.3493 -2.673 5.2 -12.4687 -2.682 4 -12.466
4 0 -1.945 4 -12.613 -1.936 5.9 -12.6153 -1.336 5.9 -12.7347 -1.345 4 -12.732
4 0 -.3 4 -12.94 -.3 6.425 -12.9403 0 6.425 -13 0 4 -13

4 0 -8.906 4 -9.384 -8.90545 4.2 -9.38336 -8.41255 4.2 -9.71264 -8.413 4 -9.714
4 0 -7.856 4 -10.086 -7.85545 4.2 -10.08536 -7.36255 4.2 -10.41464 -7.363 4 -10.415
4 0 -6.805 4 -10.788 -6.80445 4.1 -10.78736 -6.31155 4.1 -11.11664 -6.312 4 -11.117
4 0 -5.755 4 -11.489 -5.75445 4.2 -11.48836 -5.26155 4.2 -11.81764 -5.262 4 -11.818

4 0 -10.417 5 -7.35952 -10.081 5 -7.86248 -10.081 4 -7.863 -10.417 4 -7.36
4 0 -10.785 4 -6.808 -11.121 4 -6.305 -11.121 6.15 -6.30552 -10.785 6.15 -6.80848
4 0 -9.712 4 -8.414 -9.712 4.5 -8.41452 -9.376 4.5 -8.91748 -9.376 4 -8.917
4 0 -11.49 14.65 -5.75348 -11.49 4 -5.754 -11.826 4 -5.251 -11.826 14.65 -5.25052

4 0 -4.975 6.9 -12.01 -4.975 8 -12.01 -4.6 7.7 -12.085 -4.5 6.8 -12.105
4 0 -1.5 7.8 -12.702 -4.5 6.8 -12.105 -4.6 7.7 -12.085 -1.9 8.6 -12.622
4 0 -1.5 7.8 -12.702 -1.9 8.6 -12.622 -1.6 8.7 -12.682 -1.13 8.255 -12.775
3 0 -1.13 8.255 -12.775 -1.6 8.7 -12.682 -1.3 8.6 -12.741
3 0 -1.5 7.8 -12.702 -1.13 8.255 -12.775 -1.2 8 -12.761
4 0 -4.975 8 -12.01 -4.975 6.9 -12.01 -5.8 7.5 -11.459 -5.6 8.5 -11.592
4 0 -5.6 8.5 -11.592 -5.8 7.5 -11.459 -6.4 8.1 -11.058 -6.01 8.815 -11.319
4 0 -6.01 8.815 -11.319 -6.4 8.1 -11.058 -6.5 8.5 -10.991 -6.335 8.815 -11.101

4 0 -4 13.4 -12.2036 -4.8 13.4 -12.0444 -4.8 15.1 -12.0444 -4 15.1 -12.2036
4 0 0 12.5 -13 -.4 12.5 -12.9204 -.4 14.325 -12.9204 0 14.325 -13
4 0 -.573 12.3 -12.8856 -1.373 12.3 -12.7264 -1.373 14.2 -12.7264 -.573 14.2 -12.8856
4 0 -1.716 12.2 -12.6586 -2.516 12.2 -12.4994 -2.516 14 -12.4994 -1.716 14 -12.6586
4 0 -2.859 12.8 -12.4306 -3.659 12.8 -12.2714 -3.659 13.5 -12.2714 -2.859 13.5 -12.4306

4 0 -.651 15.136 -12.87 -.735 16.36 -12.854 0 16.42 -13 0 15.16 -13
4 0 -.651 15.136 -12.87 -1.404 15.004 -12.721 -1.469 16.216 -12.708 -.735 16.36 -12.854
4 0 -2.083 14.8 -12.585 -2.641 14.584 -12.474 -2.706 15.688 -12.461 -2.148 15.976 -12.573
4 0 -1.404 15.004 -12.721 -2.083 14.8 -12.585 -2.148 15.976 -12.573 -1.469 16.216 -12.708
4 0 -2.641 14.584 -12.474 -3.181 14.284 -12.367 -3.227 15.34 -12.358 -2.706 15.688 -12.461
4 0 -3.571 14.944 -12.289 -3.45 15.148 -12.313 -3.348 14.248 -12.334 -3.525 14.392 -12.299
4 0 -3.348 14.248 -12.334 -3.45 15.148 -12.313 -3.227 15.34 -12.358 -3.181 14.284 -12.367
3 0 -3.525 14.392 -12.299 -3.618 14.656 -12.28 -3.571 14.944 -12.289

4 0 -4 16.6 -12.2036 -4.8 16.6 -12.0444 -4.8 17 -12.045 -4 17 -12.204
4 0 -2.859 16.4 -12.4306 -3.659 16.4 -12.2714 -3.675 17 -12.269 -2.875 17 -12.428
4 0 -4.8 17 -12.045 -4.8 17.7 -11.8705 -4 17.7 -12.0295 -4 17 -12.204
4 0 -3.675 17 -12.269 -3.66 17.7 -12.0975 -2.86 17.7 -12.2565 -2.875 17 -12.428
4 0 -2.52 17 -12.499 -2.513 18.131 -12.2195 -1.713 18.131 -12.3785 -1.72 17 -12.658
4 0 -1.716 16.9 -12.6586 -2.516 16.9 -12.4994 -2.52 17 -12.499 -1.72 17 -12.658
4 0 -.573 17 -12.8856 -1.373 17 -12.7264 -1.373 18.131 -12.4455 -.573 18.131 -12.6045
4 0 0 17 -13 -.4 17 -12.9204 -.4 18.131 -12.6385 0 18.131 -12.718

4 0 -8.41855 14.3 -9.70964 -8.91145 14.3 -9.38036 -8.911 17 -9.38 -8.419 17 -9.71
4 0 -7.857 17 -10.085 -7.365 17 -10.414 -7.36455 14.5 -10.41364 -7.85745 14.5 -10.08436
4 0 -6.30955 14.3 -11.11764 -6.80245 14.3 -10.78836 -6.803 17 -10.789 -6.31 17 -11.118
4 0 -5.25555 13.9 -11.82264 -5.74845 13.9 -11.49336 -5.748 17 -11.494 -5.255 17 -11.823

4 0 -8.419 17 -9.71 -8.911 17 -9.38 -8.83045 17.564 -9.25936 -8.33755 17.564 -9.58864
4 0 -7.365 17 -10.414 -7.857 17 -10.085 -7.74945 17.653 -9.92236 -7.25655 17.653 -10.25164
4 0 -6.31 17 -11.118 -6.803 17 -10.789 -6.72145 17.564 -10.66736 -6.22855 17.564 -10.99664
4 0 -5.66745 17.565 -11.37236 -5.17455 17.565 -11.70164 -5.255 17 -11.823 -5.748 17 -11.494

4 0 -10.081 16.6 -7.86248 -10.081 12.8 -7.86348 -10.417 12.8 -7.36052 -10.417 16.6 -7.35952
4 0 -11.121 11 -6.30552 -11.121 15.75 -6.30552 -10.785 15.75 -6.80848 -10.785 11 -6.80848
4 0 -9.712 13.8 -8.41452 -9.712 17 -8.414 -9.376 17 -8.917 -9.376 13.8 -8.91748

4 0 -9.34633 17.45 -8.88344 -9.376 17 -8.917 -9.712 17 -8.414 -9.67967 17.45 -8.38456

0 // Main color
1 16 -4.307 3.8 -12.093 .3 0 0 0 0 -.3 -.05963 1 .07443 2-4ndis.dat
1 16 -2.973 3.8 -12.359 .3 0 0 0 0 -.3 -.05963 1 .07443 2-4ndis.dat
1 16 -1.636 3.8 -12.625 .3 0 0 0 0 -.3 -.05963 1 .07443 2-4ndis.dat
1 16 0 3.8 -12.95 0 0 -.3 -.3 0 0 .07443 1 .05963 1-4ndis.dat

1 16 -1.636 5.9 -12.675 -.3 0 0 0 0 .3 .0597 1 0 2-4ndis.dat
1 16 -2.973 5.2 -12.409 -.3 0 0 0 0 .3 .0597 1 0 2-4ndis.dat
1 16 0 6.425 -13 -.3 0 0 0 0 .3 .0597 1 0 1-4ndis.dat
1 16 -4.307 4.4 -12.143 -.3 0 0 0 0 .3 .0597 1 0 2-4ndis.dat

1 16 -4.4 13.4 -12.124 .4 0 0 0 0 -.4 -.0796 1 0 2-4ndis.dat
1 16 -3.259 12.8 -12.351 .4 0 0 0 0 -.4 -.0796 1 0 2-4ndis.dat
1 16 -2.116 12.2 -12.579 .4 0 0 0 0 -.4 -.0796 1 0 2-4ndis.dat
1 16 0 12.5 -13 0 0 -.4 -.4 0 0 0 1 .0796 1-4ndis.dat
1 16 -.973 12.3 -12.806 .4 0 0 0 0 -.4 -.0796 1 0 2-4ndis.dat

1 16 -4.4 15.1 -12.124 -.4 0 0 0 0 .4 .0796 1 0 2-4ndis.dat
1 16 0 14.325 -13 -.4 0 0 0 0 .4 .0796 1 0 1-4ndis.dat
1 16 -2.116 14 -12.579 -.4 0 0 0 0 .4 .0796 1 0 2-4ndis.dat
1 16 -3.259 13.5 -12.351 -.4 0 0 0 0 .4 .0796 1 0 2-4ndis.dat
1 16 -.973 14.2 -12.806 -.4 0 0 0 0 .4 .0796 1 0 2-4ndis.dat

1 16 0 17 -13 0 0 -.4 -.4 0 0 0 1 .0796 1-4ndis.dat
1 16 -.973 17 -12.806 .4 0 0 0 0 -.4 -.0796 1 0 2-4ndis.dat
1 16 -2.116 16.9 -12.579 .4 0 0 0 0 -.4 -.0796 1 0 2-4ndis.dat
1 16 -3.259 16.4 -12.351 .4 0 0 0 0 -.4 -.0796 1 0 2-4ndis.dat
1 16 -4.4 16.6 -12.124 .4 0 0 0 0 -.4 -.0796 1 0 2-4ndis.dat

1 16 -4.4 17.7 -11.95 -.4 0 0 0 0 .4 .0795 1 .09954 2-4ndis.dat
1 16 -3.26 17.7 -12.177 -.4 0 0 0 0 .4 .0795 1 .09954 2-4ndis.dat
1 16 -2.113 18.131 -12.299 -.4 0 0 0 0 .4 .0795 1 .09954 2-4ndis.dat
1 16 -.973 18.131 -12.525 -.4 0 0 0 0 .4 .0795 1 .09954 2-4ndis.dat
1 16 0 18.131 -12.718 -.4 0 0 0 0 .4 .0795 1 .09954 1-4ndis.dat

1 16 -6.536 3.799 -10.919 .24584 0 .04048 0 1 -.29168 -.16555 0 .06011 2-4ndis.dat
1 16 -5.486 3.8 -11.62 .24584 0 .04048 0 1 -.29168 -.16555 0 .06011 2-4ndis.dat
1 16 -7.587 3.798 -10.217 .24584 0 .04048 0 1 -.29168 -.16555 0 .06011 2-4ndis.dat
1 16 -8.636 3.797 -9.514 .24584 0 .04048 0 1 -.29168 -.16555 0 .06011 2-4ndis.dat

1 16 -5.508 4.2 -11.653 -.24645 0 0 0 0 .30055 .16464 1 0 2-4ndis.dat
1 16 -6.558 4.1 -10.952 -.24645 0 0 0 0 .30055 .16464 1 0 2-4ndis.dat
1 16 -7.609 4.2 -10.25 -.24645 0 0 0 0 .30055 .16464 1 0 2-4ndis.dat
1 16 -8.659 4.2 -9.548 -.24645 0 0 0 0 .30055 .16464 1 0 2-4ndis.dat

1 16 -8.665 14.3 -9.545 .24645 0 0 0 0 -.30055 -.16464 1 0 2-4ndis.dat
1 16 -7.611 14.5 -10.249 .24645 0 0 0 0 -.30055 -.16464 1 0 2-4ndis.dat
1 16 -6.556 14.3 -10.953 .24645 0 0 0 0 -.30055 -.16464 1 0 2-4ndis.dat
1 16 -5.502 13.9 -11.658 .24645 0 0 0 0 -.30055 -.16464 1 0 2-4ndis.dat

1 16 -5.421 17.565 -11.537 -.24645 -.01368 .04033 0 -.20088 .29165 .16464 .97952 .06037 2-4ndis.dat
1 16 -6.475 17.564 -10.832 -.24645 -.01368 .04033 0 -.20088 .29165 .16464 .97952 .06037 2-4ndis.dat
1 16 -7.503 17.653 -10.087 -.24645 -.01368 .04033 0 -.20088 .29165 .16464 .97952 .06037 2-4ndis.dat
1 16 -8.584 17.564 -9.424 -.24645 -.01368 .04033 0 -.20088 .29165 .16464 .97952 .06037 2-4ndis.dat

1 16 -9.513 3.808 -8.634 .16667 0 .06026 0 1 -.29111 -.24944 0 .04026 2-4ndis.dat
1 16 -10.215 3.808 -7.584 .16667 0 .06026 0 1 -.29111 -.24944 0 .04026 2-4ndis.dat
1 16 -10.916 3.808 -6.534 .16667 0 .06026 0 1 -.29111 -.24944 0 .04026 2-4ndis.dat
1 16 -11.618 3.808 -5.483 .16667 0 .06026 0 1 -.29111 -.24944 0 .04026 2-4ndis.dat

1 16 -10.953 6.15 -6.557 -.168 0 0 0 0 .3 .25148 1 0 2-4ndis.dat
1 16 -10.249 5 -7.611 -.168 0 0 0 0 .3 .25148 1 0 2-4ndis.dat
1 16 -9.544 4.5 -8.666 -.168 0 0 0 0 .3 .25148 1 0 2-4ndis.dat

1 16 -10.953 11 -6.557 .168 0 0 0 0 -.3 -.25148 1 0 2-4ndis.dat
1 16 -10.249 12.8 -7.612 .168 0 0 0 0 -.3 -.25148 1 0 2-4ndis.dat
1 16 -9.544 13.8 -8.666 .168 0 0 0 0 -.3 -.25148 1 0 2-4ndis.dat

1 16 -11.658 14.65 -5.502 -.168 0 0 0 0 .3 .25148 1 0 2-4ndis.dat
1 16 -10.953 15.75 -6.557 -.168 0 0 0 0 .3 .25148 1 0 2-4ndis.dat
1 16 -10.249 16.6 -7.611 -.168 0 0 0 0 .3 .25148 1 0 2-4ndis.dat

1 16 -9.513 17.45 -8.634 .16667 0 .06026 0 -1 .29111 -.24944 0 .04026 2-4ndis.dat

1 16 -3.5 9.9 -12.304 1.34 0 0 0 0 -1.34 -.26665 1 0 4-4ndis.dat

4 16 -3.062 0 -7.391 -3.794 .305 -9.159 0 .305 -9.914 0 0 -8
4 16 -3.794 .305 -9.159 -4.414 1.172 -10.658 0 1.172 -11.535 0 .305 -9.914
4 16 -4.414 1.172 -10.658 -4.83 2.469 -11.659 0 2.469 -12.619 0 1.172 -11.535
4 16 -5.657 0 -5.657 -7.01 .305 -7.01 -3.794 .305 -9.159 -3.062 0 -7.391
4 16 -7.01 .305 -7.01 -8.157 1.172 -8.157 -4.414 1.172 -10.658 -3.794 .305 -9.159
4 16 -7.391 0 -3.062 -9.159 .305 -3.794 -7.01 .305 -7.01 -5.657 0 -5.657
4 16 -9.159 .305 -3.794 -10.658 1.172 -4.414 -8.157 1.172 -8.157 -7.01 .305 -7.01
4 16 -8 0 0 -9.914 .305 0 -9.159 .305 -3.794 -7.391 0 -3.062
4 16 -9.914 .305 0 -11.535 1.172 0 -10.658 1.172 -4.414 -9.159 .305 -3.794
4 16 -11.535 1.172 0 -12.619 2.469 0 -11.659 2.469 -4.83 -10.658 1.172 -4.414
4 16 -11.659 2.469 -4.83 -12.619 2.469 0 -13 4 0 -12.01 4 -4.975
4 16 -8.923 2.469 -8.923 -8.157 1.172 -8.157 -10.658 1.172 -4.414 -11.659 2.469 -4.83
4 16 -4.414 1.172 -10.658 -8.157 1.172 -8.157 -8.923 2.469 -8.923 -4.83 2.469 -11.659
3 16 -2.26608 18.50056 -12.17661 -2.39584 18.41384 -12.172401 -2.513 18.531 -12.11996
3 16 -2.113 18.531 -12.19946 -2.26608 18.50056 -12.17661 -2.513 18.531 -12.11996
3 16 -1.95992 18.50056 -12.23746 -2.113 18.531 -12.19946 -1.713 18.531 -12.27896
3 16 -1.83016 18.41384 -12.28483 -1.95992 18.50056 -12.23746 -1.713 18.531 -12.27896
3 16 -1.12608 18.50056 -12.40261 -1.25584 18.41384 -12.398401 -1.373 18.531 -12.34596
3 16 -.973 18.531 -12.42546 -1.12608 18.50056 -12.40261 -1.373 18.531 -12.34596
3 16 -.81992 18.50056 -12.46346 -.973 18.531 -12.42546 -.573 18.531 -12.50496
3 16 -.69016 18.41384 -12.51083 -.81992 18.50056 -12.46346 -.573 18.531 -12.50496
3 16 -.15308 18.50056 -12.59561 -.28284 18.41384 -12.591401 -.4 18.531 -12.53896
3 16 0 18.531 -12.61846 -.15308 18.50056 -12.59561 -.4 18.531 -12.53896
4 16 -9.914 20.695 0 -8 21 0 -7.391 21 -3.062 -9.159 20.695 -3.794
4 16 -11.535 19.828 0 -9.914 20.695 0 -9.159 20.695 -3.794 -10.658 19.828 -4.414
4 16 -12.619 18.531 0 -11.535 19.828 0 -10.658 19.828 -4.414 -11.659 18.531 -4.83
4 16 -12.01 17 -4.975 -13 17 0 -12.619 18.531 0 -11.659 18.531 -4.83
4 16 -7.01 20.695 -7.01 -9.159 20.695 -3.794 -7.391 21 -3.062 -5.657 21 -5.657
4 16 -8.157 19.828 -8.157 -10.658 19.828 -4.414 -9.159 20.695 -3.794 -7.01 20.695 -7.01
4 16 -7.01 20.695 -7.01 -5.657 21 -5.657 -3.062 21 -7.391 -3.794 20.695 -9.159
4 16 -8.157 19.828 -8.157 -7.01 20.695 -7.01 -3.794 20.695 -9.159 -4.414 19.828 -10.658
4 16 0 20.695 -9.914 -3.794 20.695 -9.159 -3.062 21 -7.391 0 21 -8
4 16 0 19.828 -11.535 -4.414 19.828 -10.658 -3.794 20.695 -9.159 0 20.695 -9.914
4 16 -10.658 19.828 -4.414 -8.157 19.828 -8.157 -8.923 18.531 -8.923 -11.659 18.531 -4.83
4 16 -4.414 19.828 -10.658 -4.83 18.531 -11.659 -8.923 18.531 -8.923 -8.157 19.828 -8.157
3 16 -4.83 18.531 -11.659 -4.414 19.828 -10.658 -2.513 18.531 -12.11996
3 16 -2.513 18.531 -12.11996 -4.414 19.828 -10.658 -2.113 18.531 -12.19946
3 16 -2.113 18.531 -12.19946 -4.414 19.828 -10.658 -1.713 18.531 -12.27896
4 16 -1.713 18.531 -12.27896 -4.414 19.828 -10.658 0 19.828 -11.535 -1.373 18.531 -12.34596
3 16 -1.373 18.531 -12.34596 0 19.828 -11.535 -.973 18.531 -12.42546
3 16 -.973 18.531 -12.42546 0 19.828 -11.535 -.573 18.531 -12.50496
3 16 -.573 18.531 -12.50496 0 19.828 -11.535 -.4 18.531 -12.53896
3 16 -.4 18.531 -12.53896 0 19.828 -11.535 0 18.531 -12.61846
4 16 -.4 16.6 -12.9204 0 16.6 -13 0 16.42 -13 -.735 16.36 -12.854
3 16 -.573 16.6 -12.8856 -.573 17 -12.8856 -.4 17 -12.9204
4 16 -.973 16.6 -12.806 -.573 16.6 -12.8856 -.735 16.36 -12.854 -1.469 16.216 -12.708
4 16 -1.373 16.6 -12.7264 -.973 16.6 -12.806 -1.469 16.216 -12.708 -1.716 16.5 -12.6586
4 16 -1.716 16.5 -12.6586 -1.469 16.216 -12.708 -2.148 15.976 -12.573 -2.116 16.5 -12.579
4 16 -2.116 16.5 -12.579 -2.148 15.976 -12.573 -2.706 15.688 -12.461 -2.516 16.5 -12.4994
4 16 -2.516 16.5 -12.4994 -2.706 15.688 -12.461 -2.859 16 -12.4306 -2.859 16.4 -12.4306
4 16 -2.516 16.5 -12.4994 -2.859 16.4 -12.4306 -2.875 17 -12.428 -2.516 16.9 -12.4994
3 16 -2.516 16.9 -12.4994 -2.875 17 -12.428 -2.52 17 -12.499
3 16 -1.716 16.9 -12.6586 -1.72 17 -12.658 -1.373 17 -12.7264
4 16 -1.716 16.5 -12.6586 -1.716 16.9 -12.6586 -1.373 17 -12.7264 -1.373 16.6 -12.7264
4 16 -2.859 16 -12.4306 -2.706 15.688 -12.461 -3.227 15.34 -12.358 -3.259 16 -12.351
4 16 -3.259 16 -12.351 -3.227 15.34 -12.358 -3.45 15.148 -12.313 -3.659 16 -12.2714
4 16 -4 15.5 -12.2036 -3.659 16 -12.2714 -3.45 15.148 -12.313 -3.571 14.944 -12.289
4 16 -4 15.1 -12.2036 -4 15.5 -12.2036 -3.571 14.944 -12.289 -3.618 14.656 -12.28
4 16 -3.659 16 -12.2714 -4 15.5 -12.2036 -4 16.2 -12.2036 -3.659 16.4 -12.2714
4 16 -3.659 16.4 -12.2714 -4 16.2 -12.2036 -4 16.6 -12.2036 -3.675 17 -12.269
3 16 -4 16.6 -12.2036 -4 17 -12.204 -3.675 17 -12.269
3 16 -4.8 16.6 -12.0444 -4.975 17 -12.01 -4.8 17 -12.045
3 16 -4.8 16.2 -12.0444 -4.975 17 -12.01 -4.8 16.6 -12.0444
3 16 -4.8 15.5 -12.0444 -4.975 17 -12.01 -4.8 16.2 -12.0444
3 16 -4.8 15.1 -12.0444 -4.975 17 -12.01 -4.8 15.5 -12.0444
3 16 -4.8 13.4 -12.0444 -4.975 17 -12.01 -4.8 15.1 -12.0444
4 16 -4.975 17 -12.01 -4.8 13.4 -12.0444 -4.8 13 -12.0444 -4.84 11.24 -12.03735
4 16 -4.975 8 -12.01 -4.975 17 -12.01 -4.84 11.24 -12.03735 -4.84 9.9 -12.03735
3 16 -4.975 8 -12.01 -4.84 9.9 -12.03735 -4.84 8.56 -12.03735
4 16 -4.6 7.7 -12.085 -4.975 8 -12.01 -4.84 8.56 -12.03735 -3.5 8.56 -12.304
3 16 -4.6 7.7 -12.085 -3.5 8.56 -12.304 -2.16 8.56 -12.57065
3 16 -4.6 7.7 -12.085 -2.16 8.56 -12.57065 -1.9 8.6 -12.622
4 16 -1.9 8.6 -12.622 -2.16 8.56 -12.57065 -2.16 9.9 -12.57065 -1.6 8.7 -12.682
4 16 -1.6 8.7 -12.682 -2.16 9.9 -12.57065 -2.16 11.24 -12.57065 -1.3 8.6 -12.741
4 16 -1.3 8.6 -12.741 -2.16 11.24 -12.57065 -1.716 11.8 -12.6586 -1.373 11.9 -12.7264
3 16 -1.3 8.6 -12.741 -1.373 11.9 -12.7264 -.973 11.9 -12.806
3 16 -1.3 8.6 -12.741 -.973 11.9 -12.806 -.573 11.9 -12.8856
4 16 -1.3 8.6 -12.741 -.573 11.9 -12.8856 -.4 12.1 -12.9204 0 12.1 -13
4 16 -1.13 8.255 -12.775 -1.3 8.6 -12.741 0 12.1 -13 0 6.725 -13
4 16 -1.13 8.255 -12.775 0 6.725 -13 -.3 6.725 -12.9403 -1.2 8 -12.761
4 16 -1.5 7.8 -12.702 -1.2 8 -12.761 -.3 6.725 -12.9403 -1.336 6.2 -12.7347
4 16 -1.336 6.2 -12.7347 -.3 6.725 -12.9403 -.3 6.425 -12.9403 -1.336 5.9 -12.7347
4 16 -1.336 5.9 -12.7347 -.3 6.425 -12.9403 -.3 4 -12.94 -1.345 4 -12.732
4 16 -4.4 15.5 -12.124 -4.8 15.5 -12.0444 -4.8 16.2 -12.0444 -4.4 16.2 -12.124
4 16 -4 15.5 -12.2036 -4.4 15.5 -12.124 -4.4 16.2 -12.124 -4 16.2 -12.2036
4 16 -4 13.4 -12.2036 -4 15.1 -12.2036 -3.618 14.656 -12.28 -3.659 13.9 -12.2714
3 16 -3.659 13.9 -12.2714 -3.618 14.656 -12.28 -3.525 14.392 -12.299
4 16 -3.659 13.9 -12.2714 -3.525 14.392 -12.299 -3.348 14.248 -12.334 -3.259 13.9 -12.351
4 16 -3.259 13.9 -12.351 -3.348 14.248 -12.334 -3.181 14.284 -12.367 -2.859 13.9 -12.4306
4 16 -2.516 14.4 -12.4994 -2.859 13.9 -12.4306 -3.181 14.284 -12.367 -2.641 14.584 -12.474
4 16 -2.516 14.4 -12.4994 -2.641 14.584 -12.474 -2.083 14.8 -12.585 -2.116 14.4 -12.579
4 16 -1.716 14.4 -12.6586 -2.116 14.4 -12.579 -2.083 14.8 -12.585 -1.373 14.6 -12.7264
4 16 -1.373 14.6 -12.7264 -2.083 14.8 -12.585 -1.404 15.004 -12.721 -.973 14.6 -12.806
4 16 -.973 14.6 -12.806 -1.404 15.004 -12.721 -.651 15.136 -12.87 -.573 14.6 -12.8856
4 16 -.4 14.725 -12.9204 -.573 14.6 -12.8856 -.651 15.136 -12.87 0 15.16 -13
3 16 0 14.725 -13 -.4 14.725 -12.9204 0 15.16 -13
4 16 -.573 14.2 -12.8856 -.573 14.6 -12.8856 -.4 14.725 -12.9204 -.4 14.325 -12.9204
4 16 -.573 12.3 -12.8856 -.573 14.2 -12.8856 -.4 14.325 -12.9204 -.4 12.5 -12.9204
4 16 -.573 11.9 -12.8856 -.573 12.3 -12.8856 -.4 12.5 -12.9204 -.4 12.1 -12.9204
4 16 -1.373 11.9 -12.7264 -1.716 11.8 -12.6586 -1.716 12.2 -12.6586 -1.373 12.3 -12.7264
4 16 -1.373 12.3 -12.7264 -1.716 12.2 -12.6586 -1.716 14 -12.6586 -1.373 14.2 -12.7264
4 16 -1.373 14.2 -12.7264 -1.716 14 -12.6586 -1.716 14.4 -12.6586 -1.373 14.6 -12.7264
4 16 -2.859 13.9 -12.4306 -2.516 14.4 -12.4994 -2.516 14 -12.4994 -2.859 13.5 -12.4306
4 16 -2.859 13.5 -12.4306 -2.516 14 -12.4994 -2.516 12.2 -12.4994 -2.859 12.8 -12.4306
4 16 -2.859 12.4 -12.4306 -2.859 12.8 -12.4306 -2.516 12.2 -12.4994 -2.516 11.8 -12.4994
4 16 -3.259 12.4 -12.351 -2.859 12.4 -12.4306 -2.516 11.8 -12.4994 -3.5 11.24 -12.304
4 16 -3.659 12.4 -12.2714 -3.259 12.4 -12.351 -3.5 11.24 -12.304 -4.84 11.24 -12.03735
4 16 -4 13 -12.2036 -3.659 12.4 -12.2714 -4.84 11.24 -12.03735 -4.4 13 -12.124
3 16 -4.84 11.24 -12.03735 -4.8 13 -12.0444 -4.4 13 -12.124
4 16 -3.659 12.8 -12.2714 -3.659 12.4 -12.2714 -4 13 -12.2036 -4 13.4 -12.2036
3 16 -3.659 12.8 -12.2714 -4 13.4 -12.2036 -3.659 13.5 -12.2714
3 16 -4 13.4 -12.2036 -3.659 13.9 -12.2714 -3.659 13.5 -12.2714
4 16 -2.16 11.24 -12.57065 -3.5 11.24 -12.304 -2.516 11.8 -12.4994 -2.116 11.8 -12.579
3 16 -2.16 11.24 -12.57065 -2.116 11.8 -12.579 -1.716 11.8 -12.6586
3 16 -1.336 6.2 -12.7347 -1.636 6.2 -12.675 -1.5 7.8 -12.702
4 16 -1.5 7.8 -12.702 -1.636 6.2 -12.675 -1.936 6.2 -12.6153 -4.5 6.8 -12.105
4 16 -4.5 6.8 -12.105 -1.936 6.2 -12.6153 -2.673 5.5 -12.4687 -2.973 5.5 -12.409
4 16 -4.5 6.8 -12.105 -2.973 5.5 -12.409 -3.273 5.5 -12.3493 -4.975 6.9 -12.01
4 16 -4.975 6.9 -12.01 -3.273 5.5 -12.3493 -4.007 4.7 -12.2027 -4.307 4.7 -12.143
3 16 -4.307 4.7 -12.143 -4.607 4.7 -12.0833 -4.975 6.9 -12.01
4 16 -4.975 4 -12.01 -4.975 6.9 -12.01 -4.607 4.7 -12.0833 -4.607 4.4 -12.0833
3 16 -4.614 4 -12.082 -4.975 4 -12.01 -4.607 4.4 -12.0833
3 16 -4.014 4 -12.201 -4.007 4.4 -12.2027 -3.282 4 -12.347
4 16 -3.282 4 -12.347 -4.007 4.4 -12.2027 -4.007 4.7 -12.2027 -3.273 5.2 -12.3493
3 16 -4.007 4.7 -12.2027 -3.273 5.5 -12.3493 -3.273 5.2 -12.3493
4 16 -1.945 4 -12.613 -2.682 4 -12.466 -2.673 5.2 -12.4687 -1.936 5.9 -12.6153
4 16 -1.936 5.9 -12.6153 -2.673 5.2 -12.4687 -2.673 5.5 -12.4687 -1.936 6.2 -12.6153
4 16 -5.502 13.59945 -11.658 -5.25555 13.59945 -11.82264 -4.975 8 -12.01 -5.6 8.5 -11.592
3 16 -4.975 17 -12.01 -5.25555 13.9 -11.82264 -5.255 17 -11.823
4 16 -5.25555 13.59945 -11.82264 -5.25555 13.9 -11.82264 -4.975 17 -12.01 -4.975 8 -12.01
4 16 -6.30955 14.3 -11.11764 -6.31 17 -11.118 -5.748 17 -11.494 -5.74845 13.9 -11.49336
4 16 -6.30955 13.99945 -11.11764 -6.30955 14.3 -11.11764 -5.74845 13.9 -11.49336 -5.74845 13.59945 -11.49336
4 16 -7.36455 14.5 -10.41364 -7.365 17 -10.414 -6.803 17 -10.789 -6.80245 14.3 -10.78836
4 16 -7.36455 14.19945 -10.41364 -7.36455 14.5 -10.41364 -6.80245 14.3 -10.78836 -6.80245 13.99945 -10.78836
4 16 -8.41855 14.3 -9.70964 -8.419 17 -9.71 -7.857 17 -10.085 -7.85745 14.5 -10.08436
4 16 -8.41855 13.99945 -9.70964 -8.41855 14.3 -9.70964 -7.85745 14.5 -10.08436 -7.85745 14.19945 -10.08436
3 16 -8.91145 14.3 -9.38036 -9.192 17 -9.193 -8.911 17 -9.38
3 16 -8.90545 4.50055 -9.38336 -9.192 4 -9.193 -8.91145 13.99945 -9.38036
3 16 -8.91145 13.99945 -9.38036 -6.5 8.5 -10.991 -8.90545 4.50055 -9.38336
3 16 -9.192 4 -9.193 -8.90545 4.50055 -9.38336 -8.90545 4.2 -9.38336
3 16 -8.906 4 -9.384 -9.192 4 -9.193 -8.90545 4.2 -9.38336
4 16 -5.74845 13.59945 -11.49336 -6.01 8.815 -11.319 -6.335 8.815 -11.101 -6.30955 13.99945 -11.11764
3 16 -6.335 8.815 -11.101 -6.556 13.99945 -10.953 -6.30955 13.99945 -11.11764
3 16 -6.335 8.815 -11.101 -6.80245 13.99945 -10.78836 -6.556 13.99945 -10.953
4 16 -7.36455 14.19945 -10.41364 -6.80245 13.99945 -10.78836 -6.335 8.815 -11.101 -7.611 14.19945 -10.249
4 16 -7.85745 14.19945 -10.08436 -7.611 14.19945 -10.249 -6.335 8.815 -11.101 -6.5 8.5 -10.991
3 16 -6.5 8.5 -10.991 -8.41855 13.99945 -9.70964 -7.85745 14.19945 -10.08436
3 16 -6.5 8.5 -10.991 -8.665 13.99945 -9.545 -8.41855 13.99945 -9.70964
3 16 -6.5 8.5 -10.991 -8.91145 13.99945 -9.38036 -8.665 13.99945 -9.545
3 16 -8.659 4.50055 -9.548 -8.90545 4.50055 -9.38336 -6.5 8.5 -10.991
4 16 -8.41255 4.50055 -9.71264 -8.659 4.50055 -9.548 -6.5 8.5 -10.991 -6.4 8.1 -11.058
3 16 -7.85545 4.50055 -10.08536 -8.41255 4.50055 -9.71264 -6.4 8.1 -11.058
3 16 -7.609 4.50055 -10.25 -7.85545 4.50055 -10.08536 -6.4 8.1 -11.058
4 16 -7.36255 4.50055 -10.41464 -7.609 4.50055 -10.25 -6.4 8.1 -11.058 -5.8 7.5 -11.459
4 16 -6.80445 4.40055 -10.78736 -7.36255 4.50055 -10.41464 -5.8 7.5 -11.459 -6.558 4.40055 -10.952
4 16 -6.31155 4.40055 -11.11664 -6.558 4.40055 -10.952 -5.8 7.5 -11.459 -4.975 6.9 -12.01
3 16 -6.31155 4.40055 -11.11664 -4.975 6.9 -12.01 -5.75445 4.50055 -11.48836
3 16 -5.508 4.50055 -11.653 -5.75445 4.50055 -11.48836 -4.975 6.9 -12.01
3 16 -5.26155 4.50055 -11.81764 -5.508 4.50055 -11.653 -4.975 6.9 -12.01
4 16 -7.856 4 -10.086 -8.413 4 -9.714 -8.41255 4.2 -9.71264 -7.85545 4.2 -10.08536
4 16 -7.85545 4.2 -10.08536 -8.41255 4.2 -9.71264 -8.41255 4.50055 -9.71264 -7.85545 4.50055 -10.08536
4 16 -6.805 4 -10.788 -7.363 4 -10.415 -7.36255 4.2 -10.41464 -6.80445 4.1 -10.78736
4 16 -6.80445 4.1 -10.78736 -7.36255 4.2 -10.41464 -7.36255 4.50055 -10.41464 -6.80445 4.40055 -10.78736
4 16 -5.755 4 -11.489 -6.312 4 -11.117 -6.31155 4.1 -11.11664 -5.75445 4.2 -11.48836
4 16 -5.75445 4.2 -11.48836 -6.31155 4.1 -11.11664 -6.31155 4.40055 -11.11664 -5.75445 4.50055 -11.48836
3 16 -4.975 4 -12.01 -5.262 4 -11.818 -5.26155 4.2 -11.81764
4 16 -4.975 4 -12.01 -5.26155 4.2 -11.81764 -5.26155 4.50055 -11.81764 -4.975 6.9 -12.01
3 16 0 2.469 -12.619 -.3 3.5 -12.81594 0 3.5 -12.87557
3 16 -2.86 18.1 -12.15696 -3.26 18.1 -12.07746 -4.83 18.531 -11.659
3 16 -3.26 18.1 -12.07746 -3.66 18.1 -11.99796 -4.83 18.531 -11.659
3 16 -3.66 18.1 -11.99796 -4 18.1 -11.92996 -4.83 18.531 -11.659
3 16 -4 18.1 -11.92996 -4.4 18.1 -11.85046 -4.83 18.531 -11.659
3 16 -4.8 18.1 -11.77096 -4.83 18.531 -11.659 -4.4 18.1 -11.85046
3 16 -4.8 17 -12.045 -4.975 17 -12.01 -4.8 17.7 -11.8705
4 16 -3.675 17 -12.269 -4 17 -12.204 -4 17.7 -12.0295 -3.66 17.7 -12.0975
4 16 -3.66 17.7 -12.0975 -4 17.7 -12.0295 -4 18.1 -11.92996 -3.66 18.1 -11.99796
4 16 -2.52 17 -12.499 -2.875 17 -12.428 -2.86 17.7 -12.2565 -2.513 18.131 -12.2195
3 16 -2.86 17.7 -12.2565 -2.86 18.1 -12.15696 -2.513 18.131 -12.2195
4 16 -1.373 17 -12.7264 -1.72 17 -12.658 -1.713 18.131 -12.3785 -1.373 18.131 -12.4455
4 16 -.4 17 -12.9204 -.573 17 -12.8856 -.573 18.131 -12.6045 -.4 18.131 -12.6385
4 16 -5.74845 13.59945 -11.49336 -5.502 13.59945 -11.658 -5.6 8.5 -11.592 -6.01 8.815 -11.319
3 16 -9.192 4 -9.193 -8.906 4 -9.384 -8.88184 3.797 -9.34845
3 16 -9.192 4 -9.193 -8.88184 3.797 -9.34845 -8.84136 3.50532 -9.28834
3 16 -9.192 4 -9.193 -8.84136 3.50532 -9.28834 -8.923 2.469 -8.923
3 16 -8.923 2.469 -8.923 -8.84136 3.50532 -9.28834 -8.59552 3.50532 -9.45389
3 16 -8.923 2.469 -8.923 -8.59552 3.50532 -9.45389 -8.34968 3.50532 -9.61944
3 16 -8.923 2.469 -8.923 -8.34968 3.50532 -9.61944 -7.79236 3.50632 -9.99134
3 16 -8.923 2.469 -8.923 -7.79236 3.50632 -9.99134 -7.54652 3.50632 -10.15689
3 16 -8.923 2.469 -8.923 -7.54652 3.50632 -10.15689 -7.30068 3.50632 -10.32244
4 16 -7.30068 3.50632 -10.32244 -6.74136 3.50732 -10.69334 -4.83 2.469 -11.659 -8.923 2.469 -8.923
3 16 -4.83 2.469 -11.659 -6.49552 3.50732 -10.85889 -6.24968 3.50732 -11.02444
3 16 -4.83 2.469 -11.659 -6.24968 3.50732 -11.02444 -5.69136 3.50832 -11.39434
3 16 -4.83 2.469 -11.659 -5.69136 3.50832 -11.39434 -5.44552 3.50832 -11.55989
3 16 -4.83 2.469 -11.659 -5.44552 3.50832 -11.55989 -5.19968 3.50832 -11.72544
3 16 -5.24016 3.8 -11.78555 -4.975 4 -12.01 -4.83 2.469 -11.659
3 16 -4.83 2.469 -11.659 -5.19968 3.50832 -11.72544 -5.24016 3.8 -11.78555
3 16 -4.975 4 -12.01 -5.24016 3.8 -11.78555 -5.262 4 -11.818
4 16 -7.83284 3.798 -10.05145 -7.79236 3.50632 -9.99134 -8.34968 3.50532 -9.61944 -8.39016 3.797 -9.67955
4 16 -7.856 4 -10.086 -7.83284 3.798 -10.05145 -8.39016 3.797 -9.67955 -8.413 4 -9.714
4 16 -7.30068 3.50632 -10.32244 -7.34116 3.798 -10.38255 -6.78184 3.799 -10.75345 -6.74136 3.50732 -10.69334
4 16 -7.34116 3.798 -10.38255 -7.363 4 -10.415 -6.805 4 -10.788 -6.78184 3.799 -10.75345
4 16 -5.73184 3.8 -11.45445 -5.69136 3.50832 -11.39434 -6.24968 3.50732 -11.02444 -6.29016 3.799 -11.08455
4 16 -5.755 4 -11.489 -5.73184 3.8 -11.45445 -6.29016 3.799 -11.08455 -6.312 4 -11.117
3 16 -8.911 17 -9.38 -9.192 17 -9.193 -8.83045 17.564 -9.25936
3 16 -8.923 18.531 -8.923 -8.79012 17.85565 -9.19899 -8.83045 17.564 -9.25936
3 16 -8.83045 17.564 -9.25936 -9.192 17 -9.193 -8.923 18.531 -8.923
3 16 -8.79012 17.85565 -9.19899 -8.923 18.531 -8.923 -8.54367 17.85565 -9.36363
3 16 -8.54367 17.85565 -9.36363 -8.923 18.531 -8.923 -8.29722 17.85565 -9.52827
3 16 -8.29722 17.85565 -9.52827 -8.923 18.531 -8.923 -7.70912 17.94465 -9.86199
3 16 -7.70912 17.94465 -9.86199 -8.923 18.531 -8.923 -7.46267 17.94465 -10.02663
4 16 -4.83 18.531 -11.659 -7.21622 17.94465 -10.19127 -7.46267 17.94465 -10.02663 -8.923 18.531 -8.923
3 16 -5.13422 17.85665 -11.64127 -4.83 18.531 -11.659 -5.17455 17.565 -11.70164
3 16 -5.17455 17.565 -11.70164 -4.83 18.531 -11.659 -4.975 17 -12.01
3 16 -5.17455 17.565 -11.70164 -4.975 17 -12.01 -5.255 17 -11.823
4 16 -5.66745 17.565 -11.37236 -6.22855 17.564 -10.99664 -6.18822 17.85565 -10.93627 -5.62712 17.85665 -11.31199
4 16 -5.748 17 -11.494 -6.31 17 -11.118 -6.22855 17.564 -10.99664 -5.66745 17.565 -11.37236
4 16 -6.72145 17.564 -10.66736 -7.25655 17.653 -10.25164 -7.21622 17.94465 -10.19127 -6.68112 17.85565 -10.60699
3 16 -7.25655 17.653 -10.25164 -6.72145 17.564 -10.66736 -7.365 17 -10.414
3 16 -7.365 17 -10.414 -6.72145 17.564 -10.66736 -6.803 17 -10.789
4 16 -8.33755 17.564 -9.58864 -8.29722 17.85565 -9.52827 -7.70912 17.94465 -9.86199 -7.74945 17.653 -9.92236
3 16 -8.33755 17.564 -9.58864 -7.74945 17.653 -9.92236 -7.857 17 -10.085
3 16 -8.33755 17.564 -9.58864 -7.857 17 -10.085 -8.419 17 -9.71
4 16 -8.91145 14.3 -9.38036 -8.91145 13.99945 -9.38036 -9.192 4 -9.193 -9.192 17 -9.193
3 16 -9.376 4 -8.917 -9.192 4 -9.193 -9.34633 3.808 -8.88344
3 16 -11.72441 3.51689 -5.1933 -11.659 2.469 -4.83 -12.01 4 -4.975
3 16 -11.72441 3.51689 -5.1933 -12.01 4 -4.975 -11.78467 3.808 -5.23356
3 16 -11.78467 3.808 -5.23356 -12.01 4 -4.975 -11.826 4 -5.251
4 16 -10.04833 3.808 -7.83344 -9.67967 3.808 -8.38456 -9.61941 3.51689 -8.3443 -9.98807 3.51689 -7.79318
4 16 -9.67967 3.808 -8.38456 -10.04833 3.808 -7.83344 -10.081 4 -7.863 -9.712 4 -8.414
4 16 -10.32141 3.51689 -7.2943 -10.68907 3.51689 -6.74318 -10.74933 3.808 -6.78344 -10.38167 3.808 -7.33456
4 16 -10.785 4 -6.808 -10.417 4 -7.36 -10.38167 3.808 -7.33456 -10.74933 3.808 -6.78344
4 16 -11.02241 3.51689 -6.2443 -11.39107 3.51689 -5.69218 -11.45133 3.808 -5.73244 -11.08267 3.808 -6.28456
4 16 -11.49 4 -5.754 -11.121 4 -6.305 -11.08267 3.808 -6.28456 -11.45133 3.808 -5.73244
3 16 -9.192 17 -9.193 -9.376 17 -8.917 -9.34633 17.45 -8.88344
3 16 -9.192 17 -9.193 -9.34633 17.45 -8.88344 -9.28607 17.74111 -8.84318
3 16 -9.192 17 -9.193 -9.28607 17.74111 -8.84318 -8.923 18.531 -8.923
3 16 -9.28607 3.51689 -8.84318 -8.923 2.469 -8.923 -9.45274 3.51689 -8.59374
3 16 -9.34633 3.808 -8.88344 -9.192 4 -9.193 -9.28607 3.51689 -8.84318
3 16 -9.28607 3.51689 -8.84318 -9.192 4 -9.193 -8.923 2.469 -8.923
3 16 -9.45274 3.51689 -8.59374 -8.923 2.469 -8.923 -9.61941 3.51689 -8.3443
3 16 -9.61941 3.51689 -8.3443 -8.923 2.469 -8.923 -9.98807 3.51689 -7.79318
3 16 -9.98807 3.51689 -7.79318 -8.923 2.469 -8.923 -10.15474 3.51689 -7.54374
3 16 -10.15474 3.51689 -7.54374 -8.923 2.469 -8.923 -10.32141 3.51689 -7.2943
4 16 -10.32141 3.51689 -7.2943 -8.923 2.469 -8.923 -11.659 2.469 -4.83 -10.68907 3.51689 -6.74318
3 16 -10.68907 3.51689 -6.74318 -11.659 2.469 -4.83 -10.85574 3.51689 -6.49374
3 16 -10.85574 3.51689 -6.49374 -11.659 2.469 -4.83 -11.02241 3.51689 -6.2443
3 16 -11.02241 3.51689 -6.2443 -11.659 2.469 -4.83 -11.39107 3.51689 -5.69218
3 16 -11.39107 3.51689 -5.69218 -11.659 2.469 -4.83 -11.55774 3.51689 -5.44274
3 16 -11.55774 3.51689 -5.44274 -11.659 2.469 -4.83 -11.72441 3.51689 -5.1933
3 16 -8.923 18.531 -8.923 -9.28607 17.74111 -8.84318 -9.45274 17.74111 -8.59374
4 16 -11.659 18.531 -4.83 -8.923 18.531 -8.923 -9.45274 17.74111 -8.59374 -9.61941 17.74111 -8.3443
4 16 -9.67967 17.45 -8.38456 -12.01 17 -4.975 -11.659 18.531 -4.83 -9.61941 17.74111 -8.3443
3 16 -12.01 17 -4.975 -9.67967 17.45 -8.38456 -9.712 17 -8.414
4 16 -12.01 17 -4.975 -11.826 14.65 -5.25052 -11.826 4 -5.251 -12.01 4 -4.975
3 16 -11.826 14.95 -5.25052 -11.826 14.65 -5.25052 -12.01 17 -4.975
3 16 -11.658 14.95 -5.502 -11.826 14.95 -5.25052 -12.01 17 -4.975
4 16 -11.121 16.05 -6.30552 -11.49 14.95 -5.75348 -11.658 14.95 -5.502 -12.01 17 -4.975
4 16 -11.49 14.65 -5.75348 -11.49 14.95 -5.75348 -11.121 16.05 -6.30552 -11.121 15.75 -6.30552
3 16 -11.49 14.65 -5.75348 -11.121 15.75 -6.30552 -11.121 11 -6.30552
3 16 -11.49 14.65 -5.75348 -11.121 11 -6.30552 -11.121 10.7 -6.30552
3 16 -11.49 14.65 -5.75348 -11.121 10.7 -6.30552 -11.121 6.45 -6.30552
4 16 -11.121 6.15 -6.30552 -11.49 4 -5.754 -11.49 14.65 -5.75348 -11.121 6.45 -6.30552
3 16 -11.49 4 -5.754 -11.121 6.15 -6.30552 -11.121 4 -6.305
3 16 -11.121 16.05 -6.30552 -12.01 17 -4.975 -10.953 16.05 -6.557
4 16 -10.417 16.6 -7.35952 -10.785 16.05 -6.80848 -10.953 16.05 -6.557 -12.01 17 -4.975
3 16 -10.081 16.9 -7.86248 -10.249 16.9 -7.611 -9.712 17 -8.414
3 16 -10.081 16.9 -7.86248 -9.712 17 -8.414 -10.081 16.6 -7.86248
4 16 -10.081 12.8 -7.86348 -10.081 16.6 -7.86248 -9.712 17 -8.414 -9.712 13.8 -8.41452
4 16 -10.081 12.5 -7.86348 -10.081 12.8 -7.86348 -9.712 13.8 -8.41452 -9.712 13.5 -8.41452
4 16 -9.376 4.8 -8.91748 -9.376 13.5 -8.91748 -9.192 17 -9.193 -9.192 4 -9.193
3 16 -9.192 17 -9.193 -9.376 13.5 -8.91748 -9.376 13.8 -8.91748
3 16 -9.192 17 -9.193 -9.376 13.8 -8.91748 -9.376 17 -8.917
3 16 -9.376 4.8 -8.91748 -9.192 4 -9.193 -9.376 4.5 -8.91748
3 16 -9.376 4.5 -8.91748 -9.192 4 -9.193 -9.376 4 -8.917
4 16 -10.417 12.5 -7.36052 -10.417 5.3 -7.35952 -10.785 6.45 -6.80848 -10.785 10.7 -6.80848
3 16 -10.785 6.45 -6.80848 -10.417 5.3 -7.35952 -10.785 6.15 -6.80848
4 16 -10.785 4 -6.808 -10.785 6.15 -6.80848 -10.417 5.3 -7.35952 -10.417 5 -7.35952
3 16 -10.785 4 -6.808 -10.417 5 -7.35952 -10.417 4 -7.36
4 16 -11.121 6.45 -6.30552 -11.121 10.7 -6.30552 -10.953 10.7 -6.557 -10.953 6.45 -6.557
4 16 -10.953 6.45 -6.557 -10.953 10.7 -6.557 -10.785 10.7 -6.80848 -10.785 6.45 -6.80848
4 16 -10.249 5.3 -7.611 -10.417 5.3 -7.35952 -10.417 12.5 -7.36052 -10.249 12.5 -7.612
4 16 -10.249 5.3 -7.611 -10.249 12.5 -7.612 -10.081 12.5 -7.86348 -10.081 5.3 -7.86248
4 16 -9.712 4 -8.414 -10.081 4 -7.863 -10.081 5 -7.86248 -9.712 4.5 -8.41452
4 16 -9.712 4.5 -8.41452 -10.081 5 -7.86248 -10.081 5.3 -7.86248 -9.712 4.8 -8.41452
4 16 -9.376 4.8 -8.91748 -9.544 4.8 -8.666 -9.544 13.5 -8.666 -9.376 13.5 -8.91748
4 16 -9.712 13.5 -8.41452 -9.544 13.5 -8.666 -9.544 4.8 -8.666 -9.712 4.8 -8.41452
4 16 -9.712 13.5 -8.41452 -9.712 4.8 -8.41452 -10.081 5.3 -7.86248 -10.081 12.5 -7.86348
4 16 -10.785 10.7 -6.80848 -10.785 11 -6.80848 -10.417 12.8 -7.36052 -10.417 12.5 -7.36052
3 16 -10.417 12.8 -7.36052 -10.785 11 -6.80848 -10.785 15.75 -6.80848
4 16 -10.785 16.05 -6.80848 -10.417 16.6 -7.35952 -10.417 12.8 -7.36052 -10.785 15.75 -6.80848
3 16 -9.712 17 -8.414 -10.249 16.9 -7.611 -10.417 16.9 -7.35952
3 16 -9.712 17 -8.414 -10.417 16.9 -7.35952 -12.01 17 -4.975
3 16 -12.01 17 -4.975 -10.417 16.9 -7.35952 -10.417 16.6 -7.35952
3 16 -6.49552 3.50732 -10.85889 -4.83 2.469 -11.659 -6.74136 3.50732 -10.69334
3 16 -7.21622 17.94465 -10.19127 -4.83 18.531 -11.659 -6.68112 17.85565 -10.60699
3 16 -6.68112 17.85565 -10.60699 -4.83 18.531 -11.659 -6.43467 17.85565 -10.77163
3 16 -6.43467 17.85565 -10.77163 -4.83 18.531 -11.659 -6.18822 17.85565 -10.93627
3 16 -6.18822 17.85565 -10.93627 -4.83 18.531 -11.659 -5.62712 17.85665 -11.31199
3 16 -5.62712 17.85665 -11.31199 -4.83 18.531 -11.659 -5.38067 17.85665 -11.47663
3 16 -5.38067 17.85665 -11.47663 -4.83 18.531 -11.659 -5.13422 17.85665 -11.64127
3 16 -4.975 4 -12.01 -4.614 4 -12.082 -4.607 3.8 -12.03337
4 16 -4.607 3.8 -12.03337 -4.607 3.5 -11.95894 -4.83 2.469 -11.659 -4.975 4 -12.01
3 16 -4.83 2.469 -11.659 -4.607 3.5 -11.95894 -4.307 3.5 -12.01857
3 16 -4.83 2.469 -11.659 -4.307 3.5 -12.01857 -4.007 3.5 -12.0782
3 16 -4.83 2.469 -11.659 -4.007 3.5 -12.0782 -3.273 3.5 -12.22494
3 16 -4.83 2.469 -11.659 -3.273 3.5 -12.22494 -2.973 3.5 -12.28457
3 16 -4.83 2.469 -11.659 -2.973 3.5 -12.28457 -2.673 3.5 -12.3442
4 16 -2.673 3.5 -12.3442 -1.936 3.5 -12.49094 0 2.469 -12.619 -4.83 2.469 -11.659
3 16 0 2.469 -12.619 -1.936 3.5 -12.49094 -1.636 3.5 -12.55057
3 16 0 2.469 -12.619 -1.636 3.5 -12.55057 -1.336 3.5 -12.6102
3 16 0 2.469 -12.619 -1.336 3.5 -12.6102 -.3 3.5 -12.81594
4 16 -3.273 3.8 -12.29937 -3.273 3.5 -12.22494 -4.007 3.5 -12.0782 -4.007 3.8 -12.15263
4 16 -3.282 4 -12.347 -3.273 3.8 -12.29937 -4.007 3.8 -12.15263 -4.014 4 -12.201
4 16 -1.936 3.8 -12.56537 -1.936 3.5 -12.49094 -2.673 3.5 -12.3442 -2.673 3.8 -12.41863
4 16 -1.945 4 -12.613 -1.936 3.8 -12.56537 -2.673 3.8 -12.41863 -2.682 4 -12.466
4 16 -.3 3.8 -12.89037 -.3 3.5 -12.81594 -1.336 3.5 -12.6102 -1.336 3.8 -12.68463
4 16 -.3 4 -12.94 -.3 3.8 -12.89037 -1.336 3.8 -12.68463 -1.345 4 -12.732
4 16 -.4 18.531 -12.53896 -.4 18.131 -12.6385 -.573 18.131 -12.6045 -.573 18.531 -12.50496
4 16 -1.373 18.531 -12.34596 -1.373 18.131 -12.4455 -1.713 18.131 -12.3785 -1.713 18.531 -12.27896
4 16 -2.513 18.531 -12.11996 -2.513 18.131 -12.2195 -2.86 18.1 -12.15696 -4.83 18.531 -11.659
3 16 -.4 17 -12.9204 -.4 16.6 -12.9204 -.573 16.6 -12.8856
3 16 -.573 16.6 -12.8856 -.4 16.6 -12.9204 -.735 16.36 -12.854
3 16 -4.83 18.531 -11.659 -4.8 18.1 -11.77096 -4.8 17.7 -11.8705
3 16 -4.83 18.531 -11.659 -4.8 17.7 -11.8705 -4.975 17 -12.01
