0 ~Technic Steering Constant Velocity 8mm Joint Male
0 Name: s\52731s01.dat
0 Author: Philippe Hurbain [Philo]
0 !LDRAW_ORG Unofficial_Subpart
0 !LICENSE Redistributable under CCAL version 2.0 : see CAreadme.txt

0 BFC CERTIFY CCW

3 16 9.239 0 -3.827 10 0 0 9.239 -3.827 0
3 16 7.836 -4.393 -4.393 9.239 0 -3.827 9.239 -3.827 0
3 16 7.836 -4.393 -4.393 9.239 -3.827 0 7.071 -7.071 0
3 16 4.393 -7.836 -4.393 7.836 -4.393 -4.393 7.071 -7.071 0
3 16 4.393 -7.836 -4.393 7.071 -7.071 0 3.827 -9.239 0
3 16 7.071 0 -7.071 9.239 0 -3.827 7.836 -4.393 -4.393
3 16 4.393 -4.393 -7.836 7.071 0 -7.071 7.836 -4.393 -4.393
3 16 4.393 -4.393 -7.836 7.836 -4.393 -4.393 4.393 -7.836 -4.393
3 16 7.071 0 -7.071 4.393 -4.393 -7.836 3.2337 -1.3395 -9.3
2 24 2.3 -8.5044 -4.1233 2.3 -9.239 -2.027
2 24 2.3 -9.5426 0 2.3 -9.239 -2.027
2 24 2.125 -6.6198 -6.7969 2.3 -7.4715 -5.6689
2 24 1.8191 -5.9621 -7.4878 2.125 -6.6198 -6.7969
2 24 2.3 -7.4715 -5.6689 2.3 -8.5044 -4.1233
2 24 1.8191 -5.9621 -7.4878 0.9802 -5.175 -8.2328
2 24 0.9802 -5.175 -8.2328 0 -4.88 -8.5551
3 16 0 -4.88 -8.5551 0 -3.5 -9.3 1.3395 -3.2337 -9.3
3 16 1.3395 -3.2337 -9.3 0.9802 -5.175 -8.2328 0 -4.88 -8.5551
3 16 0.9802 -5.175 -8.2328 4.393 -4.393 -7.836 1.8191 -5.9621 -7.4878
3 16 1.8191 -5.9621 -7.4878 4.393 -4.393 -7.836 2.125 -6.6198 -6.7969
3 16 2.125 -6.6198 -6.7969 4.393 -4.393 -7.836 4.393 -7.836 -4.393
3 16 2.125 -6.6198 -6.7969 4.393 -7.836 -4.393 2.3 -7.4715 -5.6689
3 16 2.3 -8.5044 -4.1233 2.3 -7.4715 -5.6689 4.393 -7.836 -4.393
3 16 2.3 -8.5044 -4.1233 4.393 -7.836 -4.393 2.3 -9.239 -2.027
3 16 2.3 -9.239 -2.027 4.393 -7.836 -4.393 3.827 -9.239 0
3 16 2.3 -9.239 -2.027 3.827 -9.239 0 2.3 -9.5426 0
3 16 10 0 0 9.239 0 3.827 9.239 -3.827 0
3 16 9.239 0 3.827 7.836 -4.393 4.393 9.239 -3.827 0
3 16 9.239 -3.827 0 7.836 -4.393 4.393 7.071 -7.071 0
3 16 7.836 -4.393 4.393 4.393 -7.836 4.393 7.071 -7.071 0
3 16 7.071 -7.071 0 4.393 -7.836 4.393 3.827 -9.239 0
3 16 9.239 0 3.827 7.071 0 7.071 7.836 -4.393 4.393
3 16 7.071 0 7.071 4.393 -4.393 7.836 7.836 -4.393 4.393
3 16 7.836 -4.393 4.393 4.393 -4.393 7.836 4.393 -7.836 4.393
3 16 7.071 0 7.071 3.827 0 9.239 4.393 -4.393 7.836
3 16 3.827 0 9.239 0 -3.827 9.239 4.393 -4.393 7.836
2 24 2.3 -8.5044 4.1233 2.3 -9.239 2.027
2 24 2.3 -9.5426 0 2.3 -9.239 2.027
2 24 2.125 -6.6198 6.7969 2.3 -7.4715 5.6689
2 24 1.8191 -5.9621 7.4878 2.125 -6.6198 6.7969
2 24 2.3 -7.4715 5.6689 2.3 -8.5044 4.1233
2 24 1.8191 -5.9621 7.4878 0.9802 -5.175 8.2328
2 24 0.9802 -5.175 8.2328 0 -4.88 8.5551
3 16 0 -3.827 9.239 0 -4.88 8.5551 0.9802 -5.175 8.2328
3 16 0 -3.827 9.239 0.9802 -5.175 8.2328 4.393 -4.393 7.836
3 16 4.393 -4.393 7.836 0.9802 -5.175 8.2328 1.8191 -5.9621 7.4878
3 16 4.393 -4.393 7.836 1.8191 -5.9621 7.4878 2.125 -6.6198 6.7969
3 16 4.393 -4.393 7.836 2.125 -6.6198 6.7969 4.393 -7.836 4.393
3 16 4.393 -7.836 4.393 2.125 -6.6198 6.7969 2.3 -7.4715 5.6689
3 16 2.3 -7.4715 5.6689 2.3 -8.5044 4.1233 4.393 -7.836 4.393
3 16 4.393 -7.836 4.393 2.3 -8.5044 4.1233 2.3 -9.239 2.027
3 16 4.393 -7.836 4.393 2.3 -9.239 2.027 3.827 -9.239 0
3 16 3.827 -9.239 0 2.3 -9.239 2.027 2.3 -9.5426 0
4 16 2.3 -8.5044 -4.1233 2.3 -9.239 -2.027 2.3 -9.239 2.027 2.3 -8.5044 4.1233
4 16 2.3 -8.5044 -4.1233 2.3 -8.5044 4.1233 2.3 -7.4715 5.6689 2.3 -7.4715 -5.6689
4 16 2.125 -6.6198 -6.7969 2.3 -7.4715 -5.6689 2.3 -7.4715 5.6689 2.125 -6.6198 6.7969
4 16 1.8191 -5.9621 -7.4878 2.125 -6.6198 -6.7969 2.125 -6.6198 6.7969 1.8191 -5.9621 7.4878
4 16 0.9802 -5.175 -8.2328 1.8191 -5.9621 -7.4878 1.8191 -5.9621 7.4878 0.9802 -5.175 8.2328
4 16 0 -4.88 -8.5551 0.9802 -5.175 -8.2328 0.9802 -5.175 8.2328 0 -4.88 8.5551
3 16 2.3 -9.239 -2.027 2.3 -9.5426 0 2.3 -9.239 2.027
4 16 8.7241 -1.1549 50 8.4995 -3.4437 50 8.4995 -3.4437 19.9253 8.7241 -1.1549 19.7766
4 16 8.7244 0 50 8.7241 -1.1549 50 8.7241 -1.1549 19.7766 8.7243 0 19.6286
4 16 4.4043 -6.1797 18.9895 4.4043 -6.1797 50 3.4439 -8.5 50 3.4439 -8.5 19.9256
4 16 6.1799 -4.4045 18.9897 6.1799 -4.4045 50 4.4043 -6.1797 50 4.4043 -6.1797 18.9895
4 16 8.4995 -3.4437 19.9253 8.4995 -3.4437 50 6.1799 -4.4045 50 6.1799 -4.4045 18.9897
2 24 3.4439 -8.5 19.9256 3.4439 -8.5 50
2 24 8.7241 -1.1549 19.7766 8.7243 0 19.6286
2 24 8.7241 -1.1549 19.7766 8.4995 -3.4437 19.9253
2 24 6.1799 -4.4045 18.9897 4.4043 -6.1797 18.9895
2 24 6.1799 -4.4045 18.9897 8.4995 -3.4437 19.9253
2 24 3.4439 -8.5 19.9256 4.4043 -6.1797 18.9895
2 24 0 -8.5 19.4837 3.4439 -8.5 19.9256
3 16 0 -8.5 19.4837 3.4439 -8.5 19.9256 3.4439 -8.5 50
3 16 0 0 14 6.1799 -4.4045 18.9897 4.4043 -6.1797 18.9895
3 16 0 0 14 4.4043 -6.1797 18.9895 3.4439 -8.5 19.9256
3 16 0 0 14 3.4439 -8.5 19.9256 0 -8.5 19.4837
3 16 6.1799 -4.4045 18.9897 0 0 14 8.4995 -3.4437 19.9253
4 16 8.7241 -1.1549 19.7766 8.4995 -3.4437 19.9253 0 0 14 8.7243 0 19.6286
2 24 8.4995 -3.4437 19.9253 8.4995 -3.4437 50
2 24 8.7241 -1.1549 50 8.7244 0 50
2 24 8.4995 -3.4437 50 8.7241 -1.1549 50
2 24 6.1799 -4.4045 50 8.4995 -3.4437 50
2 24 4.4043 -6.1797 50 6.1799 -4.4045 50
2 24 3.4439 -8.5 50 4.4043 -6.1797 50
1 16 0 0 50 4.24264 0 -4.24264 -4.24264 0 -4.24264 0 -1 0 1-8ndis.dat
4 16 8.4995 -3.4437 50 8.7241 -1.1549 50 8.7244 0 50 6.1799 -4.4045 50
4 16 6.1799 -4.4045 50 8.7244 0 50 4.2426 -4.2426 50 4.4043 -6.1797 50
1 16 0 0 50 4.24264 0 4.24264 -4.24264 0 4.24264 0 -1 0 1-8ndis.dat
3 16 8.7244 0 50 8.4853 0 50 4.2426 -4.2426 50
4 16 3.4439 -8.5 50 4.4043 -6.1797 50 4.2426 -4.2426 50 0 -8.4853 50
1 16 6.2 0 4.5842 2.5 0 0 0 0 -2.5 0 15.03 0 1-4cyli.dat
2 24 8.5098 -0.9568 19.6129 8.7 0 19.6129
2 24 8.7 0 4.6335 8.5098 -0.9568 4.5842
1 16 0 -1.35 7 0 0 6.5 -3.1 0 0 0 11.3 0 3-16cyli.dat
2 24 8.5098 -0.9568 19.6129 7.9678 -1.7678 19.3673
2 24 7.9678 -1.7678 19.3673 7.1568 -2.3098 18.9136
2 24 7.1568 -2.3098 18.9136 6.2 -2.5 18.3207
2 24 7.9678 -1.7678 5.1122 8.5098 -0.9568 4.5842
2 24 7.4402 -2.1203 5.7785 7.9678 -1.7678 5.1122
2 24 7.1568 -2.3098 5.9794 7.4402 -2.1203 5.7785
2 24 7.1568 -2.3098 5.9794 6.2 -2.5 6.8533
2 24 2.4876 -4.2141 8.4096 2.6363 -4.1667 8.397
2 24 6.0054 -2.5364 7.0321 5.1548 -3.1433 7.6184
2 24 4.2957 -3.6378 8.0772 4.5962 -3.542 7.8987
2 24 5.1548 -3.1433 7.6184 4.5962 -3.542 7.8987
2 24 4.2957 -3.6378 8.0772 2.6363 -4.1667 8.397
2 24 4.5962 -3.542 17.8365 2.9079 -4.0801 17.2943
2 24 4.5962 -3.542 17.8365 4.7828 -3.4088 17.8617
2 24 2.4876 -4.2141 17.2175 1.7363 -4.2853 16.9874
2 24 2.4876 -4.2141 17.2175 2.9079 -4.0801 17.2943
2 24 0 -4.45 16.8709 1.7363 -4.2853 16.9874
2 24 4.7828 -3.4088 17.8617 6.0054 -2.5364 18.2236
2 24 6.0054 -2.5364 18.2236 6.2 -2.5 18.3207
2 24 6.0054 -2.5364 7.0321 6.2 -2.5 6.8533
4 16 6.2 -2.5 19.6142 6.0054 -2.5364 18.3 6.0054 -2.5364 7 6.2 -2.5 4.5842
2 24 6.0054 -2.5364 7.0321 6.0054 -2.5364 18.2236
2 24 0 -4.45 8.8344 0.4238 -4.4098 8.804
2 24 0.4238 -4.4098 8.804 2.4876 -4.2141 8.4068
0 BFC INVERTNEXT
1 16 0 0 -8.3 3.5 0 0 0 0 -3.5 0 -1 0 1-4cylc.dat
3 16 1.3395 -3.2337 -9.3 4.393 -4.393 -7.836 0.9802 -5.175 -8.2328
3 16 4.393 -4.393 -7.836 1.3395 -3.2337 -9.3 2.4749 -2.4749 -9.3
3 16 4.393 -4.393 -7.836 2.4749 -2.4749 -9.3 3.2337 -1.3395 -9.3
3 16 3.2337 -1.3395 -9.3 3.5 0 -9.3 7.071 0 -7.071
5 24 1.8191 -5.9621 7.4878 4.393 -4.393 7.836 2.125 -6.6198 6.7969 0.9802 -5.175 8.2328
5 24 4.393 -4.393 7.836 7.836 -4.393 4.393 7.071 0 7.071 4.393 -7.836 4.393
5 24 9.239 -3.827 0 7.071 -7.071 0 7.836 -4.393 4.393 7.836 -4.393 -4.393
5 24 7.071 -7.071 0 4.393 -7.836 -4.393 3.827 -9.239 0 7.836 -4.393 -4.393
5 24 0.9802 -5.175 8.2328 0 -3.827 9.239 4.393 -4.393 7.836 0 -4.88 8.5551
5 24 7.836 -4.393 -4.393 9.239 0 -3.827 7.071 0 -7.071 9.239 -3.827 0
5 24 7.071 0 7.071 7.836 -4.393 4.393 9.239 0 3.827 4.393 -4.393 7.836
5 24 9.239 -3.827 0 9.239 0 -3.827 7.836 -4.393 -4.393 10 0 0
5 24 7.836 -4.393 4.393 4.393 -7.836 4.393 7.071 -7.071 0 4.393 -4.393 7.836
5 24 2.3 -9.239 2.027 3.827 -9.239 0 2.3 -9.5426 0 4.393 -7.836 4.393
5 24 4.393 -4.393 -7.836 7.071 0 -7.071 3.2337 -1.3395 -9.3 7.836 -4.393 -4.393
5 24 0.9802 -5.175 8.2328 4.393 -4.393 7.836 0 -3.827 9.239 1.8191 -5.9621 7.4878
5 24 4.393 -4.393 7.836 0 -3.827 9.239 0.9802 -5.175 8.2328 3.827 0 9.239
5 24 2.125 -6.6198 6.7969 4.393 -4.393 7.836 4.393 -7.836 4.393 1.8191 -5.9621 7.4878
5 24 2.125 -6.6198 6.7969 4.393 -7.836 4.393 4.393 -4.393 7.836 2.3 -7.4715 5.6689
5 24 4.393 -4.393 -7.836 0.9802 -5.175 -8.2328 1.3395 -3.2337 -9.3 1.8191 -5.9621 -7.4878
5 24 7.071 -7.071 0 7.836 -4.393 -4.393 9.239 -3.827 0 4.393 -7.836 -4.393
5 24 4.393 -7.836 4.393 4.393 -4.393 7.836 2.125 -6.6198 6.7969 7.836 -4.393 4.393
5 24 3.827 -9.239 0 4.393 -7.836 4.393 7.071 -7.071 0 2.3 -9.239 2.027
5 24 7.836 -4.393 -4.393 7.071 0 -7.071 9.239 0 -3.827 4.393 -4.393 -7.836
5 24 4.4043 -6.1797 18.9895 4.4043 -6.1797 50 6.1799 -4.4045 18.9897 3.4439 -8.5 50
5 24 4.393 -7.836 -4.393 2.3 -8.5044 -4.1233 2.3 -9.239 -2.027 2.3 -7.4715 -5.6689
5 24 2.3 -7.4715 5.6689 4.393 -7.836 4.393 2.125 -6.6198 6.7969 2.3 -8.5044 4.1233
5 24 9.239 0 3.827 7.836 -4.393 4.393 9.239 -3.827 0 7.071 0 7.071
5 24 0.9802 -5.175 8.2328 0.9802 -5.175 -8.2328 0 -4.88 8.5551 1.8191 -5.9621 -7.4878
5 24 7.836 -4.393 4.393 9.239 -3.827 0 7.071 -7.071 0 9.239 0 3.827
5 24 3.827 0 9.239 4.393 -4.393 7.836 0 -3.827 9.239 7.071 0 7.071
5 24 0 0 14 6.1799 -4.4045 18.9897 8.4995 -3.4437 19.9253 4.4043 -6.1797 18.9895
5 24 1.3395 -3.2337 -9.3 4.393 -4.393 -7.836 0.9802 -5.175 -8.2328 2.4749 -2.4749 -9.3
5 24 3.827 -9.239 0 2.3 -9.239 -2.027 2.3 -9.5426 0 4.393 -7.836 -4.393
5 24 6.1799 -4.4045 18.9897 6.1799 -4.4045 50 4.4043 -6.1797 50 8.4995 -3.4437 19.9253
5 24 10 0 0 9.239 -3.827 0 9.239 0 -3.827 9.239 0 3.827
5 24 1.3395 -3.2337 -9.3 0 -4.88 -8.5551 0 -3.5 -9.3 0.9802 -5.175 -8.2328
5 24 4.4043 -6.1797 18.9895 0 0 14 3.4439 -8.5 19.9256 6.1799 -4.4045 18.9897
5 24 2.3 -9.5426 0 3.827 -9.239 0 2.3 -9.239 -2.027 2.3 -9.239 2.027
5 24 7.836 -4.393 -4.393 4.393 -4.393 -7.836 4.393 -7.836 -4.393 7.071 0 -7.071
5 24 3.4439 -8.5 19.9256 0 0 14 0 -8.5 19.4837 4.4043 -6.1797 18.9895
5 24 4.393 -7.836 -4.393 7.836 -4.393 -4.393 4.393 -4.393 -7.836 7.071 -7.071 0
5 24 4.393 -7.836 4.393 7.071 -7.071 0 3.827 -9.239 0 7.836 -4.393 4.393
5 24 2.3 -8.5044 4.1233 4.393 -7.836 4.393 2.3 -9.239 2.027 2.3 -7.4715 5.6689
5 24 4.393 -4.393 -7.836 1.8191 -5.9621 -7.4878 0.9802 -5.175 -8.2328 2.125 -6.6198 -6.7969
5 24 7.836 -4.393 4.393 7.071 -7.071 0 4.393 -7.836 4.393 9.239 -3.827 0
5 24 2.3 -7.4715 5.6689 2.3 -7.4715 -5.6689 2.125 -6.6198 6.7969 2.3 -8.5044 -4.1233
5 24 4.393 -7.836 -4.393 2.3 -9.239 -2.027 3.827 -9.239 0 2.3 -8.5044 -4.1233
5 24 4.393 -7.836 -4.393 2.125 -6.6198 -6.7969 2.3 -7.4715 -5.6689 4.393 -4.393 -7.836
5 24 4.393 -7.836 -4.393 2.3 -7.4715 -5.6689 2.125 -6.6198 -6.7969 2.3 -8.5044 -4.1233
5 24 2.4749 -2.4749 -9.3 4.393 -4.393 -7.836 1.3395 -3.2337 -9.3 3.2337 -1.3395 -9.3
5 24 9.239 -3.827 0 7.836 -4.393 -4.393 9.239 0 -3.827 7.071 -7.071 0
5 24 7.071 0 7.071 4.393 -4.393 7.836 3.827 0 9.239 7.836 -4.393 4.393
5 24 8.7241 -1.1549 19.7766 8.7241 -1.1549 50 8.7243 0 19.6286 8.4995 -3.4437 50
5 24 1.8191 -5.9621 7.4878 1.8191 -5.9621 -7.4878 0.9802 -5.175 8.2328 2.125 -6.6198 -6.7969
5 24 3.827 -9.239 0 4.393 -7.836 -4.393 2.3 -9.239 -2.027 7.071 -7.071 0
5 24 9.239 0 3.827 9.239 -3.827 0 7.836 -4.393 4.393 10 0 0
5 24 4.393 -7.836 -4.393 4.393 -4.393 -7.836 2.125 -6.6198 -6.7969 7.836 -4.393 -4.393
5 24 7.071 -7.071 0 3.827 -9.239 0 4.393 -7.836 4.393 4.393 -7.836 -4.393
5 24 7.071 0 -7.071 3.2337 -1.3395 -9.3 4.393 -4.393 -7.836 3.5 0 -9.3
5 24 2.125 -6.6198 6.7969 2.125 -6.6198 -6.7969 1.8191 -5.9621 7.4878 2.3 -7.4715 -5.6689
5 24 0 0 14 8.4995 -3.4437 19.9253 6.1799 -4.4045 18.9897 8.7241 -1.1549 19.7766
5 24 2.3 -9.239 2.027 4.393 -7.836 4.393 3.827 -9.239 0 2.3 -8.5044 4.1233
5 24 0.9802 -5.175 -8.2328 1.3395 -3.2337 -9.3 4.393 -4.393 -7.836 0 -4.88 -8.5551
5 24 3.2337 -1.3395 -9.3 4.393 -4.393 -7.836 7.071 0 -7.071 2.4749 -2.4749 -9.3
5 24 4.393 -4.393 -7.836 2.125 -6.6198 -6.7969 4.393 -7.836 -4.393 1.8191 -5.9621 -7.4878
