0 ~Tyre 27/ 48 x 43 Tread 1/26th
0 Name: s\52985s02.dat
0 Author: Gerald Lasser [GeraldLasser]
0 !LDRAW_ORG Unofficial_Subpart
0 !LICENSE Redistributable under CCAL version 2.0 : see CAreadme.txt

0 BFC CERTIFY CCW

4 16 81.89869 -18.23004 -4.6 81.89869 -18.23004 0 81.55535 -20.10114 0 81.55535 -20.10114 -7.55
4 16 81.89869 -18.23004 -4.6 81.55535 -20.10114 -7.55 83.38654 -10.12197 -11.15 83.38654 -10.12197 -7.45
4 16 83.38654 -10.12197 -7.45 83.38654 -10.12197 -11.15 83.99974 0 -7.55 83.88476 -1.89787 -4.6
4 16 83.88476 -1.89787 -4.6 83.99974 0 -7.55 83.99974 0 0 83.88476 -1.89787 0
4 16 83.04319 -11.99306 -20.975 83.04319 -11.99306 -26.4 83.38654 -10.12197 -26.4 83.38654 -10.12197 -17.95
4 16 83.50151 -8.2241 -20.975 83.38654 -10.12197 -17.95 83.38654 -10.12197 -26.4 83.50151 -8.2241 -26.4
4 16 81.55535 -20.10114 -18.05 83.04319 -11.99306 -20.975 83.38654 -10.12197 -17.95 81.55535 -20.10114 -14.35
4 16 83.38654 -10.12197 -17.95 83.50151 -8.2241 -20.975 83.99974 0 -18.05 83.99974 0 -14.35
4 16 78.97101 -10.88015 -33.3541 79.20827 -9.61478 -33.34654 83.38654 -10.12197 -26.4 83.04319 -11.99306 -26.4
4 16 83.38654 -10.12197 -26.4 79.20827 -9.61478 -33.34654 79.28443 -8.34486 -33.34714 83.50151 -8.2241 -26.4
2 24 79.28443 -8.34486 -33.34714 79.20827 -9.61478 -33.34654
2 24 79.20827 -9.61478 -33.34654 78.97101 -10.88015 -33.3541
5 24 83.38654 -10.12197 -17.95 83.38654 -10.12197 -26.4 83.04319 -11.99306 -26.4 83.50151 -8.2241 -26.4
5 24 79.20827 -9.61478 -33.34654 83.38654 -10.12197 -26.4 83.04319 -11.99306 -26.4 83.50151 -8.2241 -26.4
5 24 83.04319 -11.99306 -26.4 83.38654 -10.12197 -26.4 83.38654 -10.12197 -17.95 79.20827 -9.61478 -33.34654
5 24 83.38654 -10.12197 -26.4 83.50151 -8.2241 -26.4 83.38654 -10.12197 -17.95 79.28443 -8.34486 -33.34714
5 24 83.38654 -10.12197 -11.15 83.38654 -10.12197 -7.45 83.99974 0 -7.55 81.89869 -18.23004 -4.6

4 16 86.09259 -2.59828 0 86.09259 -2.59828 -4.2 83.88476 -1.89787 -4.6 83.88476 -1.89787 0
4 16 81.89869 -18.23004 0 81.89869 -18.23004 -4.6 84.21019 -18.078 -4.2 84.21019 -18.078 0
4 16 85.62038 -10.39313 -6.9 84.21019 -18.078 -4.2 81.89869 -18.23004 -4.6 83.38654 -10.12197 -7.45
4 16 85.62038 -10.39313 -6.9 83.38654 -10.12197 -7.45 83.88476 -1.89787 -4.6 86.09259 -2.59828 -4.2
4 16 85.62038 -10.39313 0 84.21019 -18.078 0 84.21019 -18.078 -4.2 85.62038 -10.39313 -6.9
4 16 85.62038 -10.39313 -6.9 86.09259 -2.59828 -4.2 86.09259 -2.59828 0 85.62038 -10.39313 0
2 24 84.21019 -18.078 -4.2 81.89869 -18.23004 -4.6
2 24 84.21019 -18.078 -4.2 84.21019 -18.078 0
2 24 83.88476 -1.89787 -4.6 83.88476 -1.89787 0
2 24 86.09259 -2.59828 -4.2 85.62038 -10.39313 -6.9
2 24 83.38654 -10.12197 -7.45 83.88476 -1.89787 -4.6
2 24 83.88476 -1.89787 -4.6 86.09259 -2.59828 -4.2
2 24 83.38654 -10.12197 -7.45 85.62038 -10.39313 -6.9
2 24 81.89869 -18.23004 0 81.89869 -18.23004 -4.6
2 24 86.09259 -2.59828 0 86.09259 -2.59828 -4.2
2 24 85.62038 -10.39313 -6.9 84.21019 -18.078 -4.2
2 24 81.89869 -18.23004 -4.6 83.38654 -10.12197 -7.45
5 24 85.62038 -10.39313 -6.9 85.62038 -10.39313 0 84.21019 -18.078 0 86.09259 -2.59828 -4.2

4 16 83.38654 -10.12197 -11.15 85.62038 -10.39313 -11.7 86.25 0 -8.1 83.99974 0 -7.55
4 16 83.74013 -20.63963 -8.1 85.62038 -10.39313 -11.7 83.38654 -10.12197 -11.15 81.55535 -20.10114 -7.55
4 16 83.74013 -20.63963 -13.8 81.55535 -20.10114 -14.35 83.38654 -10.12197 -17.95 85.62038 -10.39313 -17.4
4 16 85.62038 -10.39313 -17.4 83.38654 -10.12197 -17.95 83.99974 0 -14.35 86.25 0 -13.8
4 16 85.62038 -10.39313 -11.7 83.74013 -20.63963 -8.1 83.74013 -20.63963 -13.8 85.62038 -10.39313 -17.4
4 16 86.25 0 -8.1 85.62038 -10.39313 -11.7 85.62038 -10.39313 -17.4 86.25 0 -13.8
2 24 81.55535 -20.10114 -14.35 83.38654 -10.12197 -17.95
2 24 83.38654 -10.12197 -17.95 85.62038 -10.39313 -17.4
2 24 81.55535 -20.10114 -14.35 83.74013 -20.63963 -13.8
2 24 83.38654 -10.12197 -17.95 83.99974 0 -14.35
2 24 83.74013 -20.63963 -8.1 85.62038 -10.39313 -11.7
2 24 83.38654 -10.12197 -11.15 85.62038 -10.39313 -11.7
2 24 86.25 0 -13.8 85.62038 -10.39313 -17.4
2 24 85.62038 -10.39313 -11.7 86.25 0 -8.1
2 24 83.38654 -10.12197 -11.15 81.55535 -20.10114 -7.55
2 24 85.62038 -10.39313 -17.4 83.74013 -20.63963 -13.8
2 24 83.99974 0 -7.55 83.38654 -10.12197 -11.15
2 24 83.74013 -20.63963 -8.1 81.55535 -20.10114 -7.55
5 24 83.38654 -10.12197 -11.15 86.25 0 -8.1 85.62038 -10.39313 -11.7 83.99974 0 -7.55
5 24 83.74013 -20.63963 -8.1 83.38654 -10.12197 -11.15 85.62038 -10.39313 -11.7 81.55535 -20.10114 -7.55
5 24 83.74013 -20.63963 -13.8 83.38654 -10.12197 -17.95 81.55535 -20.10114 -14.35 85.62038 -10.39313 -17.4
5 24 85.62038 -10.39313 -17.4 83.99974 0 -14.35 83.38654 -10.12197 -17.95 86.25 0 -13.8
5 24 83.74013 -20.63963 -13.8 83.74013 -20.63963 -8.1 85.62038 -10.39313 -17.4 80.64375 -30.58425 -11.7
5 24 85.62038 -10.39313 -11.7 85.62038 -10.39313 -17.4 83.74013 -20.63963 -8.1 86.25 0 -13.8

4 16 83.99974 0 -18.05 83.50151 -8.2241 -20.975 85.77778 -7.79484 -21.3 86.25 0 -18.6
4 16 83.50151 -8.2241 -26.4 85.77778 -7.79484 -26.4 85.77778 -7.79484 -21.3 83.50151 -8.2241 -20.975
3 16 83.50151 -8.2241 -26.4 83.53984 -7.59148 -33 85.77778 -7.79484 -26.4
3 16 83.50151 -8.2241 -26.4 79.28443 -8.34486 -33.34714 83.53984 -7.59148 -33
4 16 86.25 0 -18.6 85.77778 -7.79484 -21.3 85.77778 -7.79484 -26.4 86.25 0 -26.4
4 16 84 0 -33 86.25 0 -26.4 85.77778 -7.79484 -26.4 83.53984 -7.59148 -33
4 16 83.53984 -7.59148 -33 79.28443 -8.34486 -33.34714 79.79074 0 -33.34654 84 0 -33
2 24 85.77778 -7.79484 -26.4 85.77778 -7.79484 -21.3
2 24 85.77778 -7.79484 -21.3 86.25 0 -18.6
2 24 83.50151 -8.2241 -20.975 85.77778 -7.79484 -21.3
2 24 83.50151 -8.2241 -20.975 83.99974 0 -18.05
2 24 83.50151 -8.2241 -26.4 83.50151 -8.2241 -20.975
2 24 83.53984 -7.59148 -33 85.77778 -7.79484 -26.4
2 24 79.28443 -8.34486 -33.34714 83.53984 -7.59148 -33
2 24 83.53984 -7.59148 -33 84 0 -33
2 24 83.50151 -8.2241 -26.4 79.28443 -8.34486 -33.34714
5 24 86.25 0 -26.4 85.77778 -7.79484 -26.4 83.53984 -7.59148 -33 86.25 0 -18.6

4 16 83.04319 -11.99306 -26.4 83.04319 -11.99306 -20.975 85.15031 -12.95475 -21.3 85.15031 -12.95475 -26.4
4 16 82.92874 -12.61676 -33 81.5556 -20.1012 -33 77.46883 -19.09392 -33.34654 78.97101 -10.88015 -33.3541
4 16 82.92874 -12.61676 -33 78.97101 -10.88015 -33.3541 83.04319 -11.99306 -26.4 85.15031 -12.95475 -26.4
4 16 82.92874 -12.61676 -33 85.15031 -12.95475 -26.4 83.74013 -20.63963 -26.4 81.5556 -20.1012 -33
4 16 85.15031 -12.95475 -26.4 85.15031 -12.95475 -21.3 83.74013 -20.63963 -18.6 83.74013 -20.63963 -26.4
4 16 83.74013 -20.63963 -18.6 85.15031 -12.95475 -21.3 83.04319 -11.99306 -20.975 81.55535 -20.10114 -18.05
2 24 81.55535 -20.10114 -18.05 83.74013 -20.63963 -18.6
2 24 85.15031 -12.95475 -21.3 83.04319 -11.99306 -20.975
2 24 83.04319 -11.99306 -26.4 83.04319 -11.99306 -20.975
2 24 85.15031 -12.95475 -26.4 85.15031 -12.95475 -21.3
2 24 85.15031 -12.95475 -21.3 83.74013 -20.63963 -18.6
2 24 81.55535 -20.10114 -18.05 83.04319 -11.99306 -20.975
2 24 82.92874 -12.61676 -33 85.15031 -12.95475 -26.4
2 24 82.92874 -12.61676 -33 78.97101 -10.88015 -33.3541
2 24 81.5556 -20.1012 -33 82.92874 -12.61676 -33
2 24 83.04319 -11.99306 -26.4 78.97101 -10.88015 -33.3541
5 24 85.15031 -12.95475 -26.4 83.74013 -20.63963 -26.4 85.15031 -12.95475 -21.3 81.5556 -20.1012 -33
5 24 83.74013 -20.63963 -26.4 83.74013 -20.63963 -18.6 81.41784 -28.09809 -21.3 85.15031 -12.95475 -26.4
5 1 84 0 -33 86.25 0 -26.4 85.77778 7.79484 -26.4 85.77778 -7.79484 -26.4
