0 ~Tyre 27/ 48 x 43, Quarter
0 Name: s\52985s01.dat
0 Author: Gerald Lasser [GeraldLasser]
0 !LDRAW_ORG Unofficial_Subpart
0 !LICENSE Redistributable under CCAL version 2.0 : see CAreadme.txt

0 BFC CERTIFY CCW

0 BFC INVERTNEXT
1 16 0 0 -33.5 2 0 0 0 0 -2 0 .5 0 48\1-4con27.dat

0 BFC INVERTNEXT
1 16 0 0 -34 2 0 0 0 0 -2 0 .5 0 48\1-4con28.dat
1 16 0 0 -34 2 0 0 0 0 -2 0 1 0 48\1-4rin29.dat
1 16 0 0 -34 4 0 0 0 0 -4 0 1 0 48\1-4rin15.dat
1 16 0 0 -34 8 0 0 0 0 -8 0 1 0 48\1-4ring8.dat
1 16 0 0 -34 58 0 0 0 0 -58 0 1 0 48\1-4edge.dat
1 16 0 0 -34 72 0 0 0 0 -72 0 1 0 48\1-4edge.dat

1 16 0 0 -33.7 3.6 0 0 0 0 -3.6 0 -.3 0 48\1-4con20.dat

1 16 0 0 0 1 0 0 0 1 0 0 0 1 s\52985s02.dat
1 16 0 0 0 .354604 .935016 0 -.935016 .354604 0 0 0 1 s\52985s02.dat
1 16 0 0 0 .568064 .822984 0 -.822984 .568064 0 0 0 1 s\52985s02.dat
1 16 0 0 0 .74851 .663123 0 -.663123 .74851 0 0 0 1 s\52985s02.dat
1 16 0 0 0 .885456 .464724 0 -.464724 .885456 0 0 0 1 s\52985s02.dat
1 16 0 0 0 .970942 .239316 0 -.239316 .970942 0 0 0 1 s\52985s02.dat

3 16 .00276 -79.78969 -33.34654 0 -75.6 -33.7 1.27261 -79.71222 -33.34714
4 16 1.27261 -79.71222 -33.34714 0 -75.6 -33.7 9.8658 -74.94984 -33.7 9.61766 -79.20898 -33.34654
3 16 9.61766 -79.20898 -33.34654 9.8658 -74.94984 -33.7 17.83032 -77.6973 -33.3541
4 16 19.56528 -73.02204 -33.7 19.09759 -77.47044 -33.34654 17.83032 -77.6973 -33.3541 9.8658 -74.94984 -33.7
3 16 19.09759 -77.47044 -33.34654 19.56528 -73.02204 -33.7 20.312 -77.09133 -33.34714
4 16 28.93212 -69.84684 -33.7 28.29411 -74.60562 -33.34654 20.312 -77.09133 -33.34714 19.56528 -73.02204 -33.7
3 16 28.29411 -74.60562 -33.34654 28.93212 -69.84684 -33.7 35.9064 -71.1725 -33.3541
4 16 28.93212 -69.84684 -33.7 37.8 -65.4696 -33.7 37.08255 -70.64895 -33.34654 35.9064 -71.1725 -33.3541
3 16 37.08255 -70.64895 -33.34654 37.8 -65.4696 -33.7 38.17094 -69.99023 -33.34714
4 16 38.17094 -69.99023 -33.34714 37.8 -65.4696 -33.7 46.02528 -59.98104 -33.7 45.32625 -65.6665 -33.34654
3 16 45.32625 -65.6665 -33.34654 46.02528 -59.98104 -33.7 51.89571 -60.51139 -33.3541
4 16 53.45676 -53.45676 -33.7 52.91239 -59.72158 -33.34654 51.89571 -60.51139 -33.3541 46.02528 -59.98104 -33.7
3 16 52.91239 -59.72158 -33.34654 53.45676 -53.45676 -33.7 53.81152 -58.82154 -33.34714
3 16 53.81152 -58.82154 -33.34714 53.45676 -53.45676 -33.7 59.72416 -52.91107 -33.34654
4 16 53.45676 -53.45676 -33.7 59.98104 -46.02528 -33.7 64.86909 -46.33361 -33.3541 59.72416 -52.91107 -33.34654
3 16 64.86909 -46.33361 -33.3541 59.98104 -46.02528 -33.7 65.66721 -45.32345 -33.34654
3 16 65.66721 -45.32345 -33.34654 59.98104 -46.02528 -33.7 66.32482 -44.23438 -33.34714
4 16 59.98104 -46.02528 -33.7 65.4696 -37.8 -33.7 70.65119 -37.08067 -33.34654 66.32482 -44.23438 -33.34714
4 16 65.4696 -37.8 -33.7 69.84684 -28.93212 -33.7 74.07248 -29.46302 -33.3541 70.65119 -37.08067 -33.34654
3 16 74.07248 -29.46302 -33.3541 69.84684 -28.93212 -33.7 74.60566 -28.2912 -33.34654
3 16 74.60566 -28.2912 -33.34654 69.84684 -28.93212 -33.7 74.98353 -27.07641 -33.34714
4 16 69.84684 -28.93212 -33.7 73.02204 -19.56528 -33.7 77.47218 -19.0952 -33.34654 74.98353 -27.07641 -33.34714
4 16 73.02204 -19.56528 -33.7 74.94984 -9.8658 -33.7 78.97101 -10.88015 -33.3541 77.47218 -19.0952 -33.34654
3 16 78.97101 -10.88015 -33.3541 74.94984 -9.8658 -33.7 79.20827 -9.61478 -33.34654
4 16 75.6 0 -33.7 79.28443 -8.34486 -33.34714 79.20827 -9.61478 -33.34654 74.94984 -9.8658 -33.7
3 16 79.28443 -8.34486 -33.34714 75.6 0 -33.7 79.79074 0 -33.34654
