0 ~Technic Competition Arrow with Rubber End, 1/4 End
0 Name: s\57028s02.dat
0 Author: Philippe Hurbain [Philo]
0 !LDRAW_ORG Unofficial_Subpart
0 !LICENSE Redistributable under CCAL version 2.0 : see CAreadme.txt

0 BFC CERTIFY CCW

0 !HISTORY 2013-07-21 [PTadmin] Official Update 2013-01
0 !HISTORY 2018-01-31 [arezey] Moved by 5 in +z to match changes in s\57028s01.dat

2 24 20 0 61 18.478 -7.654 61
2 24 18.478 -7.654 61 15.574 -12 61
2 24 20 0 69 18.478 -7.654 69
2 24 18.478 -7.654 69 15.574 -12 69
4 16 15.478 -7.654 60 18.478 -7.654 61 15.574 -12 61 12.574 -12 60
4 16 17 0 60 20 0 61 18.478 -7.654 61 15.478 -7.654 60
4 16 15.574 -12 61 18.478 -7.654 61 18.478 -7.654 69 15.574 -12 69
4 16 18.478 -7.654 61 20 0 61 20 0 69 18.478 -7.654 69
2 24 15.574 -12 61 15.574 -12 69
2 24 13.238 -10.2 72 15.706 -6.506 72
2 24 15.706 -6.506 72 17 0 72
4 16 13.238 -10.2 72 15.574 -12 69 18.478 -7.654 69 15.706 -6.506 72
4 16 15.706 -6.506 72 18.478 -7.654 69 20 0 69 17 0 72
4 16 15.706 -6.506 72 18.478 -7.654 75 15.574 -12 75 13.238 -10.2 72
4 16 17 0 72 20 0 75 18.478 -7.654 75 15.706 -6.506 72
2 24 15.574 -12 75 18.478 -7.654 75
2 24 18.478 -7.654 75 20 0 75
2 24 13.238 -10.2 72 15.574 -12 69
2 24 13.238 -10.2 72 15.574 -12 75
2 24 15.574 -12 61 12.574 -12 60
4 16 18.478 -7.654 75 18.478 -7.654 85 14.571 -13.5 85 15.574 -12 75
4 16 20 0 75 20 0 85 18.478 -7.654 85 18.478 -7.654 75
2 24 15.574 -12 75 14.571 -13.5 85
2 24 14.571 -13.5 92 14.571 -13.5 85
1 16 1.5 -13.5 92 13.071 0 0 0 1 0 0 0 15 1-4edge.dat
4 16 14.571 -13.5 85 18.478 -7.654 85 18.464 -7.654 92.335 14.571 -13.5 92
4 16 18.478 -7.654 85 20 0 85 19.98 0 92.465 18.464 -7.654 92.335
4 16 17.247 -7.654 99.078 13.576 -13.5 97.741 14.571 -13.5 92 18.464 -7.654 92.335
4 16 18.464 -7.654 92.335 19.98 0 92.465 18.677 0 99.599 17.247 -7.654 99.078
4 16 13.576 -13.5 97.741 17.247 -7.654 99.078 13.675 -7.654 105.188 10.743 -13.5 102.607
4 16 17.247 -7.654 99.078 18.677 0 99.599 14.817 0 106.194 13.675 -7.654 105.188
4 16 10.743 -13.5 102.607 13.675 -7.654 105.188 8.164 -7.654 109.394 6.502 -13.5 105.859
4 16 13.675 -7.654 105.188 14.817 0 106.194 8.811 0 110.772 8.164 -7.654 109.394
4 16 1.937 -7.654 110.882 1.5 -13.5 107 6.502 -13.5 105.859 8.164 -7.654 109.394
4 16 2.108 0 112.395 1.937 -7.654 110.882 8.164 -7.654 109.394 8.811 0 110.772
4 16 0 -7.654 110.907 0 -13.5 107 1.5 -13.5 107 1.937 -7.654 110.882
4 16 0 0 112.429 0 -7.654 110.907 1.937 -7.654 110.882 2.108 0 112.395
2 24 1.5 -13.5 105 5 -13.5 104
2 24 1.5 -13.5 105 1.5 -13.5 107
2 24 1.5 -13.5 105 1.5 -2 105
2 24 5 -13.5 101 5 -13.5 104
2 24 1.5 -2 105 5 -2 104
2 24 5 -2 101 5 -2 104
2 24 1.5 -2 85 0 -2 85
2 24 1.5 -2 85 1.5 -2 105
2 24 1.5 -2 85 1.5 -13.5 91
1 16 7 -13.5 101 -2 0 0 0 1 0 0 0 -2 1-4edge.dat
1 16 7 -2 101 -2 0 0 0 1 0 0 0 -2 1-4edge.dat
1 16 7 -2 101 -2 0 0 0 1 0 0 0 -2 1-4ndis.dat
1 16 7 -13.5 101 -2 0 0 0 1 0 0 0 -2 1-4chrd.dat
1 16 7 -13.5 101 -2 0 0 0 11.5 0 0 0 -2 1-4cyli.dat
2 24 11 -13.5 98.5 7 -13.5 99
2 24 11 -13.5 98.5 12 -13.5 91
2 24 10 -13.5 90.5 12 -13.5 91
2 24 10 -13.5 85.5 12 -13.5 85
2 24 12 -11.5 75.5 12 -13.5 85
2 24 12 -11.5 75.5 10 -9.5 74
2 24 12 -11.5 68.5 10 -9.5 70
2 24 12 -11.5 68.5 12 -12 63
2 24 12.5 -12 60 12 -12 63
2 24 10 -9.5 70 10 -9.5 74
1 16 10 -13.5 88 0 0 -1.5 0 1 0 2.5 0 0 2-4edge.dat
1 16 10 -13.5 88 0 0 -1.5 0 1 0 2.5 0 0 2-4disc.dat
1 16 10 -13.5 88 0 0 -1.5 0 13.5 0 2.5 0 0 2-4cyli.dat
3 16 14.571 -13.5 85 12 -13.5 85 12 -11.5 75.5
3 16 14.571 -13.5 85 12 -11.5 75.5 15.574 -12 75
3 16 15.574 -12 75 12 -11.5 75.5 10 -9.5 74
3 16 15.574 -12 75 10 -9.5 74 13.238 -10.2 72
3 16 13.238 -10.2 72 10 -9.5 74 10 -9.5 70
3 16 13.238 -10.2 72 10 -9.5 70 15.574 -12 69
3 16 15.574 -12 69 10 -9.5 70 12 -11.5 68.5
3 16 15.574 -12 69 12 -11.5 68.5 15.574 -12 61
3 16 15.574 -12 61 12 -11.5 68.5 12 -12 63
3 16 15.574 -12 61 12 -12 63 12.574 -12 60
4 16 5 -13.5 101 7 -13.5 99 11 -13.5 98.5 10.743 -13.5 102.606
4 16 5 -13.5 104 5 -13.5 101 10.743 -13.5 102.606 6.502 -13.5 105.858
4 16 1.5 -13.5 107 1.5 -13.5 105 5 -13.5 104 6.502 -13.5 105.858
4 16 14.571 -13.5 85 12 -13.5 91 10 -13.5 90.5 10 -13.5 85.5
3 16 14.571 -13.5 85 10 -13.5 85.5 12 -13.5 85
4 16 13.576 -13.5 97.741 10.743 -13.5 102.606 11 -13.5 98.5 14.571 -13.5 92
4 16 14.571 -13.5 92 11 -13.5 98.5 12 -13.5 91 14.571 -13.5 85
4 16 1.5 -13.5 105 1.5 -2 105 5 -2 104 5 -13.5 104
4 16 5 -13.5 104 5 -2 104 5 -2 101 5 -13.5 101
4 16 7 -13.5 99 7 0 99 11 0 98.5 11 -13.5 98.5
4 16 11 -13.5 98.5 11 0 98.5 12 0 91 12 -13.5 91
4 16 12 -13.5 91 12 0 91 10 0 90.5 10 -13.5 90.5
4 16 10 -13.5 85.5 10 0 85.5 12 0 85 12 -13.5 85
4 16 12 -13.5 85 12 0 85 12 0 75.5 12 -11.5 75.5
4 16 12 -11.5 75.5 12 0 75.5 10 0 74 10 -9.5 74
4 16 10 -9.5 74 10 0 74 10 0 70 10 -9.5 70
4 16 10 -9.5 70 10 0 70 12 0 68.5 12 -11.5 68.5
4 16 12 -11.5 68.5 12 0 68.5 12 0 63 12 -12 63
2 24 5 -2 104 5 -13.5 104
2 24 11 0 98.5 11 -13.5 98.5
2 24 12 0 91 12 -13.5 91
2 24 12 0 85 12 -13.5 85
2 24 12 0 75.5 12 -11.5 75.5
2 24 10 0 74 10 -9.5 74
2 24 10 0 70 10 -9.5 70
2 24 12 0 68.5 12 -11.5 68.5
4 16 5 -2 99 5 -2 104 1.5 -2 105 1.5 -2 92
4 16 8.5 -2 92 8.5 -2 99 5 -2 99 5 -2 91
4 16 8.5 -2 82 8.5 -2 84 5 -2 85 5 -2 79
4 16 0 -2 75 4.5 -2 75 5 -2 79 5 -2 85
3 16 0 -2 75 5 -2 85 1.5 -2 85
3 16 0 -2 75 1.5 -2 85 0 -2 85
4 16 1.5 -2 92 1.5 -2 85 5 -2 85 5 -2 91
3 16 5 -2 99 1.5 -2 92 5 -2 91
2 24 8.5 -2 92 8.5 -2 98.833
2 24 7 -2 99 8.5 -2 98.833
2 24 8.5 -2 82 8.5 -2 84
2 24 8.5 -2 82 5 -2 79
2 24 4.5 -2 75 5 -2 79
2 24 4.5 -2 75 0 -2 75
2 24 8.5 -2 92 5 -2 91
2 24 8.5 -2 84 5 -2 85
2 24 5 -2 85 5 -2 91
4 16 0 0 75 4.5 0 75 4.5 -2 75 0 -2 75
4 16 4.5 0 75 5 0 79 5 -2 79 4.5 -2 75
4 16 5 0 79 8.5 0 82 8.5 -2 82 5 -2 79
4 16 8.5 0 82 8.5 0 84 8.5 -2 84 8.5 -2 82
4 16 8.5 0 84 5 0 85 5 -2 85 8.5 -2 84
4 16 5 0 85 5 0 91 5 -2 91 5 -2 85
4 16 5 0 91 8.5 0 92 8.5 -2 92 5 -2 91
4 16 8.5 0 92 8.5 0 98.833 8.5 -2 98.833 8.5 -2 92
2 24 4.5 -2 75 4.5 0 75
2 24 5 -2 79 5 0 79
2 24 8.5 -2 82 8.5 0 82
2 24 8.5 -2 84 8.5 0 84
2 24 5 -2 85 5 0 85
2 24 5 -2 91 5 0 91
2 24 8.5 -2 92 8.5 0 92
2 24 8.5 -2 98.833 8.5 0 98.833
1 16 1.5 -5.015 99 0 1 0 -8.485 0 -8.485 -8 0 8 1-4edge.dat
1 16 1.5 -5.015 99 0 -1 0 -8.485 0 -8.485 -8 0 8 1-4chrd.dat
1 16 1.5 -5.015 99 0 -1.5 0 -8.485 0 -8.485 -8 0 8 1-4cyli.dat
4 16 0 -13.5 91 0 -2 85 1.5 -2 85 1.5 -13.5 91
4 16 1.5 -2 85 1.5 -2 105 1.5 -13.5 105 1.5 -13.5 91
5 24 15.478 -7.654 60 18.478 -7.654 61 15.574 -12 61 17 0 60
5 24 18.478 -7.654 61 18.478 -7.654 69 15.574 -12 61 20 0 61
5 24 18.478 -7.654 69 15.706 -6.506 72 13.238 -10.2 72 20 0 69
5 24 15.706 -6.506 72 18.478 -7.654 75 15.574 -12 75 17 0 72
5 24 18.478 -7.654 75 18.478 -7.654 85 14.571 -13.5 85 20 0 75
5 24 18.478 -7.654 85 18.464 -7.654 92.335 14.571 -13.5 85 20 0 85
5 24 18.464 -7.654 92.335 14.571 -13.5 92 14.571 -13.5 85 17.247 -7.654 99.078
5 24 19.98 0 92.465 18.464 -7.654 92.335 18.478 -7.654 85 18.677 0 99.599
5 24 17.247 -7.654 99.078 13.576 -13.5 97.741 14.571 -13.5 92 13.675 -7.654 105.188
5 24 18.464 -7.654 92.335 17.247 -7.654 99.078 14.571 -13.5 92 19.98 0 92.465
5 24 18.677 0 99.599 17.247 -7.654 99.078 18.464 -7.654 92.335 14.817 0 106.194
5 24 17.247 -7.654 99.078 13.675 -7.654 105.188 13.576 -13.5 97.741 18.677 0 99.599
5 24 13.675 -7.654 105.188 10.743 -13.5 102.607 13.576 -13.5 97.741 8.164 -7.654 109.394
5 24 14.817 0 106.194 13.675 -7.654 105.188 17.247 -7.654 99.078 8.811 0 110.772
5 24 13.675 -7.654 105.188 8.164 -7.654 109.394 10.743 -13.5 102.607 14.817 0 106.194
5 24 8.164 -7.654 109.394 6.502 -13.5 105.859 10.743 -13.5 102.607 1.937 -7.654 110.882
5 24 8.811 0 110.772 8.164 -7.654 109.394 13.675 -7.654 105.188 2.108 0 112.395
5 24 1.937 -7.654 110.882 1.5 -13.5 107 6.502 -13.5 105.859 0 -7.654 110.907
5 24 8.164 -7.654 109.394 1.937 -7.654 110.882 6.502 -13.5 105.859 2.108 0 112.395
5 24 2.108 0 112.395 1.937 -7.654 110.882 8.164 -7.654 109.394 0 0 112.429
5 24 1.937 -7.654 110.882 0 -7.654 110.907 1.5 -13.5 107 0 0 112.429
5 24 14.571 -13.5 85 12 -13.5 85 12 -11.5 75.5 10 -13.5 85.5
5 24 12 -11.5 75.5 14.571 -13.5 85 12 -13.5 85 15.574 -12 75
5 24 12 -11.5 75.5 15.574 -12 75 14.571 -13.5 85 10 -9.5 74
5 24 10 -9.5 74 15.574 -12 75 12 -11.5 75.5 13.238 -10.2 72
5 24 10 -9.5 74 13.238 -10.2 72 15.574 -12 75 10 -9.5 70
5 24 10 -9.5 70 13.238 -10.2 72 10 -9.5 74 15.574 -12 69
5 24 10 -9.5 70 15.574 -12 69 13.238 -10.2 72 12 -11.5 68.5
5 24 12 -11.5 68.5 15.574 -12 69 10 -9.5 70 15.574 -12 61
5 24 12 -11.5 68.5 15.574 -12 61 15.574 -12 69 12 -12 63
5 24 12 -12 63 15.574 -12 61 12 -11.5 68.5 12.574 -12 60
5 24 17 0 60 20 0 61 18.478 -7.654 61 18.478 7.654 61
5 24 20 0 61 20 0 69 18.478 -7.654 61 18.478 7.654 61
5 24 20 0 69 17 0 72 15.706 -6.506 72 18.478 7.654 69
5 24 17 0 72 20 0 75 18.478 -7.654 75 18.478 7.654 75
5 24 20 0 75 20 0 85 18.478 -7.654 85 18.478 7.654 85
5 24 20 0 85 19.98 0 92.465 18.478 -7.654 85 18.478 7.654 85
5 24 19.98 0 92.465 18.677 0 99.599 18.464 -7.654 92.335 18.464 7.654 92.335
5 24 18.677 0 99.599 14.817 0 106.194 17.247 -7.654 99.078 17.247 7.654 99.078
5 24 14.817 0 106.194 8.811 0 110.772 13.675 -7.654 105.188 13.675 7.654 105.188
5 24 8.811 0 110.772 2.108 0 112.395 8.164 -7.654 109.394 8.164 7.654 109.394
5 24 0 0 112.429 0 -7.654 110.907 1.937 -7.654 110.882 -1.937 -7.654 110.882
5 24 2.108 0 112.395 0 0 112.429 1.937 -7.654 110.882 1.937 7.654 110.882
