0 ~Minifig Helmet Mandalorian with Olive Green Forehead, Dark Green Goggles and Black Jaw Line Pattern Half
0 Name: s\87610ps5s02.dat
0 Author: Gerald Lasser [GeraldLasser]
0 !LDRAW_ORG Unofficial_Subpart
0 !LICENSE Redistributable under CCAL version 2.0 : see CAreadme.txt

0 BFC CERTIFY CCW

0 // s02
3 16 14.9092 1.5 -4.529 15.4071 9.6361 -4.813 15.685 6.493 -3
3 16 15.685 6.493 -3 15.4071 9.6361 -4.813 15.8945 12.5557 -3.9892
3 16 15.421 1.5 -3.001 14.9092 1.5 -4.529 15.685 6.493 -3
3 16 14.8121 7.6849 -6.0457 15.4071 9.6361 -4.813 14.9092 1.5 -4.529
3 16 16.607 20.306 -3 15.8945 12.5557 -3.9892 16.539 20.344 -3.39
3 16 15.685 6.493 -3 15.8945 12.5557 -3.9892 16.607 20.306 -3
3 16 14.9092 1.5 -4.529 14.4001 7.0774 -7.0041 14.8121 7.6849 -6.0457
3 16 13.652 6.979 -8.3964 14.4001 7.0774 -7.0041 14.0301 1.5 -6.6973
3 16 14.0301 1.5 -6.6973 14.4001 7.0774 -7.0041 14.9092 1.5 -4.529

0 // s03
3 16 14.5963 18.1 -4.836 16.539 20.344 -3.39 15.8945 12.5557 -3.9892
3 16 14.5963 18.1 -4.836 14.851 20.448 -4.323 16.539 20.344 -3.39
3 16 14.2872 16.3396 -5.6076 15.8945 12.5557 -3.9892 13.9661 15.172 -6.3
3 16 14.2872 16.3396 -5.6076 14.5963 18.1 -4.836 15.8945 12.5557 -3.9892
3 16 13.9661 15.172 -6.3 15.4071 9.6361 -4.813 13.4729 14.3728 -7.2648
3 16 13.9661 15.172 -6.3 15.8945 12.5557 -3.9892 15.4071 9.6361 -4.813
3 16 13.4729 14.3728 -7.2648 14.8121 7.6849 -6.0457 14.4001 7.0774 -7.0041
3 16 13.4729 14.3728 -7.2648 15.4071 9.6361 -4.813 14.8121 7.6849 -6.0457
3 16 12.9696 14.1 -8.3 14.4001 7.0774 -7.0041 13.652 6.979 -8.3964
3 16 13.4729 14.3728 -7.2648 14.4001 7.0774 -7.0041 12.9696 14.1 -8.3

0 // s04
3 16 14.851 20.448 -4.323 14.5963 18.1 -4.836 14.341 20.616 -6.018
3 16 14.5963 18.1 -4.836 14.2872 16.3396 -5.6076 14.341 20.616 -6.018
3 16 13.9661 15.172 -6.3 14.341 20.616 -6.018 14.2872 16.3396 -5.6076

0 // s07
3 16 13.5536 -1.975 -3.9996 14.0367 -.6213 -2.1213 14.1546 -1.2717 -1.1481
3 16 13.5536 -1.975 -3.9996 14.0098 .3519 -2.7717 14.0367 -.6213 -2.1213
4 16 13.5536 -1.975 -3.9996 13.8433 1.5 -4.2702 14.0684 1.5 -3 14.0098 .3519 -2.7717
4 16 13.5536 -1.975 -3.9996 14.1546 -1.2717 -1.1481 14.341 -1.5 0 14.3 -1.975 0

4 0 2.872 5.361 -17.4603 2.53 4.1702 -17.3645 2.38 4.13 -17.3933 1.9563 4.13 -17.4911
3 0 2.53 4.1702 -17.3645 2.872 5.361 -17.4603 2.6398 4.28 -17.3553
4 0 3.4481 3.1091 -16.9966 3.38 3.13 -17.0154 3.31 3.22 -17.0448 3.4429 3.5497 -17.0625
4 0 3.467 1.5 -16.756 0 1.5 -17.557 .2212 1.7974 -17.5496 3.4637 1.8 -16.8008
3 0 3.2187 5.8272 -17.4486 3.4131 6.0885 -17.4421 3.4157 5.8707 -17.4095
4 288 3.4291 4.7246 -17.2382 2.6398 4.28 -17.3553 2.872 5.361 -17.4603 3.2187 5.8272 -17.4486
3 288 3.4291 4.7246 -17.2382 3.2187 5.8272 -17.4486 3.4157 5.8707 -17.4095
4 288 3.4429 3.5497 -17.0625 3.31 3.22 -17.0448 2.6398 4.28 -17.3553 3.4291 4.7246 -17.2382
3 288 3.31 3.22 -17.0448 2.53 4.1702 -17.3645 2.6398 4.28 -17.3553
3 288 3.31 3.22 -17.0448 2.38 4.13 -17.3933 2.53 4.1702 -17.3645
4 288 1.9563 4.13 -17.4911 2.38 4.13 -17.3933 3.31 3.22 -17.0448 .2212 1.7974 -17.5496
4 288 .2212 1.7974 -17.5496 3.31 3.22 -17.0448 3.38 3.13 -17.0154 3.4637 1.8 -16.8008
4 0 7.4099 2.9963 -15.2107 5.99 3.08 -15.9026 5.99 3.68 -16.0332 7.2989 3.6022 -15.3952
4 0 5.0379 3.69 -16.4872 5.99 3.68 -16.0332 5.99 3.08 -15.9026 4.6206 3.1082 -16.5586
3 0 5.8475 4.8185 -16.3486 6.2439 5.3713 -16.2808 6.3 4.85 -16.1407
4 0 7.0621 4.8954 -15.789 6.3 4.85 -16.1407 6.2439 5.3713 -16.2808 6.9677 5.4107 -15.9459
4 71 6.3 4.85 -16.1407 7.0621 4.8954 -15.789 7.2989 3.6022 -15.3952 5.99 3.68 -16.0332
4 71 5.8475 4.8185 -16.3486 6.3 4.85 -16.1407 5.99 3.68 -16.0332 5.0379 3.69 -16.4872
4 0 7.684 1.5 -14.755 3.467 1.5 -16.756 3.6826 1.8006 -16.7191 7.6291 1.8 -14.8464
3 288 6.2439 5.3713 -16.2808 6.8262 6.183 -16.1811 6.9677 5.4107 -15.9459
4 0 9.3783 2.7658 -13.4033 8.15 2.93 -14.534 8.15 3.53 -14.6176 8.8593 3.4608 -13.9682
4 0 8.15 3.53 -14.6176 8.15 2.93 -14.534 7.4099 2.9963 -15.2107 7.2989 3.6022 -15.3952
4 0 7.757 4.9367 -15.168 7.0621 4.8954 -15.789 6.9677 5.4107 -15.9459 7.3879 5.4309 -15.5698
4 71 7.757 4.9367 -15.168 8.8593 3.4608 -13.9682 8.15 3.53 -14.6176 7.0621 4.8954 -15.789
3 71 8.15 3.53 -14.6176 7.2989 3.6022 -15.3952 7.0621 4.8954 -15.789
4 0 10.3237 1.5 -12.3743 7.684 1.5 -14.755 7.6291 1.8 -14.8464 10.0996 1.8 -12.6182
3 288 6.9677 5.4107 -15.9459 6.8262 6.183 -16.1811 7.3879 5.4309 -15.5698
4 0 9.62 7.7398 -14.038 9.7298 7.63 -13.9248 9.39 7.19 -14.143 9.47 7.78 -14.174
4 0 8.8593 3.4608 -13.9682 9.13 3.43 -13.7298 9.71 2.72 -13.1098 9.3783 2.7658 -13.4033
4 0 7.3879 5.4309 -15.5698 9.03 5.51 -14.1684 8.82 5 -14.2629 7.757 4.9367 -15.168
4 0 8.82 5 -14.2629 9.03 5.51 -14.1684 9.48 4.26 -13.5689 9.05 4.16 -13.9224
4 0 9.13 3.43 -13.7298 9.05 4.16 -13.9224 9.48 4.26 -13.5689 9.71 2.72 -13.1098
4 71 9.05 4.16 -13.9224 9.13 3.43 -13.7298 8.8593 3.4608 -13.9682 7.757 4.9367 -15.168
3 71 9.05 4.16 -13.9224 7.757 4.9367 -15.168 8.82 5 -14.2629
3 0 10.3237 1.5 -12.3743 10.0996 1.8 -12.6182 10.2946 1.8 -12.4503
4 0 7.2938 7.2765 -15.9636 9.47 7.78 -14.174 9.39 7.19 -14.143 7.0344 6.6698 -16.0843
3 0 10.0582 4.2325 -13.0661 9.39 7.19 -14.143 9.7298 7.63 -13.9248
4 288 9.48 4.26 -13.5689 9.03 5.51 -14.1684 9.39 7.19 -14.143 10.0582 4.2325 -13.0661
4 288 9.39 7.19 -14.143 9.03 5.51 -14.1684 7.3879 5.4309 -15.5698 6.8262 6.183 -16.1811
3 288 6.8262 6.183 -16.1811 7.0344 6.6698 -16.0843 9.39 7.19 -14.143
4 0 10.39 3.1402 -12.5398 10.347 3.1851 -12.6016 10.62 3.55 -12.3085 10.54 3.1 -12.342
3 0 10.347 3.1851 -12.6016 10.3681 4.7145 -12.808 10.62 3.55 -12.3085
4 0 7.0181 7.2127 -16.1918 7.2938 7.2765 -15.9636 7.0344 6.6698 -16.0843 6.9119 6.6428 -16.1859
3 288 6.8262 6.183 -16.1811 6.9119 6.6428 -16.1859 7.0344 6.6698 -16.0843
4 0 6.7553 6.6082 -16.2663 6.668 7.1317 -16.3713 7.0181 7.2127 -16.1918 6.9119 6.6428 -16.1859
3 288 6.8262 6.183 -16.1811 6.7553 6.6082 -16.2663 6.9119 6.6428 -16.1859
4 0 4.08 3.69 -16.8449 5.0379 3.69 -16.4872 4.6206 3.1082 -16.5586 3.4481 3.1091 -16.9966
4 0 4.08 3.69 -16.8449 3.4481 3.1091 -16.9966 3.4429 3.5497 -17.0625 4.43 4.72 -16.8637
4 0 4.43 4.72 -16.8637 3.4429 3.5497 -17.0625 4.06 5.08 -17.0541 4.16 5.16 -17.0284
4 0 5.8475 4.8185 -16.3486 4.43 4.72 -16.8637 4.16 5.16 -17.0284 6.2439 5.3713 -16.2808
4 71 4.43 4.72 -16.8637 5.8475 4.8185 -16.3486 5.0379 3.69 -16.4872 4.08 3.69 -16.8449
3 0 3.467 1.5 -16.756 3.4637 1.8 -16.8008 3.6826 1.8006 -16.7191
3 0 3.4157 5.8707 -17.4095 3.4131 6.0885 -17.4421 4.5438 6.1198 -17.0243
4 288 6.8262 6.183 -16.1811 6.2439 5.3713 -16.2808 4.16 5.16 -17.0284 3.4157 5.8707 -17.4095
3 288 3.4157 5.8707 -17.4095 4.5438 6.1198 -17.0243 6.8262 6.183 -16.1811
4 288 3.4157 5.8707 -17.4095 4.16 5.16 -17.0284 4.06 5.08 -17.0541 3.4291 4.7246 -17.2382
3 288 3.4429 3.5497 -17.0625 3.4291 4.7246 -17.2382 4.06 5.08 -17.0541
3 0 1.9563 4.13 -17.4911 2.23 4.6898 -17.5159 2.872 5.361 -17.4603
4 0 2.9598 5.77 -17.5089 2.43 5.99 -17.6919 2.4649 6.0623 -17.6952 3.2187 5.8272 -17.4486
3 0 3.2187 5.8272 -17.4486 2.4649 6.0623 -17.6952 3.4131 6.0885 -17.4421
4 0 2.43 5.99 -17.6919 2.9598 5.77 -17.5089 2.872 5.361 -17.4603 2.23 4.6898 -17.5159
4 0 2.23 4.6898 -17.5159 1.9563 4.13 -17.4911 0 4.13 -18.0228 0 4.65 -18.1149
3 288 2.872 5.361 -17.4603 2.9598 5.77 -17.5089 3.2187 5.8272 -17.4486
4 0 2.4649 6.0623 -17.6952 2.5002 6.12 -17.6925 2.64 6.1998 -17.6641 3.4131 6.0885 -17.4421
3 0 3.4131 6.0885 -17.4421 2.64 6.1998 -17.6641 3.3894 6.3732 -17.4822
4 0 6.7553 6.6082 -16.2663 4.5438 6.1198 -17.0243 3.4131 6.0885 -17.4421 6.668 7.1317 -16.3713
3 0 3.4131 6.0885 -17.4421 3.4934 6.3972 -17.4548 6.668 7.1317 -16.3713
3 288 4.5438 6.1198 -17.0243 6.7553 6.6082 -16.2663 6.8262 6.183 -16.1811
3 0 3.4131 6.0885 -17.4421 3.3894 6.3732 -17.4822 3.4934 6.3972 -17.4548
4 0 10.0582 4.2325 -13.0661 9.7298 7.63 -13.9248 10.3681 4.7145 -12.808 10.347 3.1851 -12.6016
3 0 10.347 3.1851 -12.6016 10.2802 3.25 -12.6825 10.0582 4.2325 -13.0661
3 330 1.7424 -7.7289 -10.9278 0 -7.7289 -11.3136 0 -5.0625 -13.856
3 330 1.7424 -7.7289 -10.9278 0 -5.0625 -13.856 2.3511 -5.0625 -13.3835
4 330 0 -9.775 -8 0 -7.7289 -11.3136 1.7424 -7.7289 -10.9278 1.3356 -9.775 -7.7272
4 0 11.8838 -1.975 -7.7272 11.9043 -1.7003 -7.7685 12.9 -1.7 -5.5459 13.05 -1.975 -5.1238
4 330 12.9 -1.7 -5.5459 11.9043 -1.7003 -7.7685 12.1213 1.2017 -8.2051 12.266 1.1984 -7.8811
3 0 11.8838 -1.975 -7.7272 11.7033 -1.6983 -8.0409 11.9043 -1.7003 -7.7685
4 330 12.1213 1.2017 -8.2051 11.9043 -1.7003 -7.7685 11.7033 -1.6983 -8.0409 9.8109 1.2021 -11.3295
4 0 9.8109 1.2021 -11.3295 9.6166 1.5 -11.6672 12.1436 1.5 -8.25 12.1213 1.2017 -8.2051
4 0 9.4212 -1.7001 -10.9863 11.7033 -1.6983 -8.0409 11.8838 -1.975 -7.7272 9.4044 -1.975 -10.9278
4 330 11.7033 -1.6983 -8.0409 9.4212 -1.7001 -10.9863 9.5984 1.2011 -11.6036 9.8109 1.2021 -11.3295
3 0 9.5984 1.2011 -11.6036 9.6166 1.5 -11.6672 9.8109 1.2021 -11.3295
3 0 9.4044 -1.975 -10.9278 9.168 -1.6984 -11.1953 9.4212 -1.7001 -10.9863
4 330 9.5984 1.2011 -11.6036 9.4212 -1.7001 -10.9863 9.168 -1.6984 -11.1953 6.6897 1.2008 -13.9996
4 0 6.6897 1.2008 -13.9996 6.434 1.5 -14.289 9.6166 1.5 -11.6672 9.5984 1.2011 -11.6036
4 0 8.0723 -1.7663 -12.0376 9.168 -1.6984 -11.1953 9.4044 -1.975 -10.9278 7.2644 -1.975 -12.612
4 330 7.2644 -1.975 -12.612 6.284 -1.975 -13.3835 6.4211 1.2006 -14.211 8.0723 -1.7663 -12.0376
4 330 9.168 -1.6984 -11.1953 8.0723 -1.7663 -12.0376 6.4211 1.2006 -14.211 6.6897 1.2008 -13.9996
3 0 6.4211 1.2006 -14.211 6.434 1.5 -14.289 6.6897 1.2008 -13.9996
4 330 6.284 -1.975 -13.3835 3.6656 .6462 -15.3099 3.67 1.2 -15.4631 6.4211 1.2006 -14.211
3 0 3.6656 .6462 -15.3099 3.1112 1.2011 -15.7178 3.67 1.2 -15.4631
4 0 3.67 1.2 -15.4631 3.1112 1.2011 -15.7178 2.8126 1.5 -15.9374 6.4211 1.2006 -14.211
3 0 6.4211 1.2006 -14.211 2.8126 1.5 -15.9374 6.434 1.5 -14.289
4 330 3.04 -1.975 -14.7947 2.7349 -1.975 -14.9274 2.8059 1.2002 -15.8503 3.1224 -.4001 -15.2319
4 0 3.64 -1.975 -14.5337 3.04 -1.975 -14.7947 3.1224 -.4001 -15.2319 3.6571 -.4354 -14.9887
3 330 3.1224 -.4001 -15.2319 2.8059 1.2002 -15.8503 3.1112 1.2011 -15.7178
4 0 3.6571 -.4354 -14.9887 3.1224 -.4001 -15.2319 3.1112 1.2011 -15.7178 3.6656 .6462 -15.3099
3 330 6.284 -1.975 -13.3835 3.64 -1.975 -14.5337 3.6571 -.4354 -14.9887
3 330 6.284 -1.975 -13.3835 3.6571 -.4354 -14.9887 3.6656 .6462 -15.3099
3 0 2.8059 1.2002 -15.8503 2.8126 1.5 -15.9374 3.1112 1.2011 -15.7178
3 0 8.9841 -2.311 -11.0444 9.4044 -1.975 -10.9278 9.2936 -2.3012 -10.8084
4 16 8.3558 -5.0625 -9.7976 5.5425 -5.0625 -11.9993 8.9841 -2.311 -11.0444 9.2936 -2.3012 -10.8084
3 0 11.5113 -2.301 -7.9458 11.8838 -1.975 -7.7272 11.7482 -2.301 -7.6428
4 16 11.5113 -2.301 -7.9458 11.7482 -2.301 -7.6428 10.5995 -5.0625 -6.928 9.9427 -3.6737 -8.8663
3 16 10.5995 -5.0625 -6.928 8.3558 -5.0625 -9.7976 9.9427 -3.6737 -8.8663
4 0 13.05 -1.975 -5.1238 12.87 -2.3 -5.1455 11.9088 -2.3 -7.2913 11.8838 -1.975 -7.7272
3 16 12.1211 -5.0625 -3.5859 11.9088 -2.3 -7.2913 12.87 -2.3 -5.1455
4 0 3.7802 -5.0625 -12.7637 4.4498 -5.0625 -12.4732 3.4765 -6.5121 -11.4168 3.177 -6.7223 -11.3323
3 0 3.177 -6.7223 -11.3323 2.8898 -6.42 -11.7652 3.7802 -5.0625 -12.7637
4 0 2.2563 -7.3683 -11.0727 2.8898 -6.42 -11.7652 3.177 -6.7223 -11.3323 2.75 -7.7289 -10.4938
4 0 2.68 -5.0625 -13.2409 3.25 -5.0625 -12.9936 2.8898 -6.42 -11.7652 2.2563 -7.3683 -11.0727
3 330 2.8898 -6.42 -11.7652 3.25 -5.0625 -12.9936 3.7802 -5.0625 -12.7637
4 330 2.3511 -5.0625 -13.3835 2.68 -5.0625 -13.2409 2.2563 -7.3683 -11.0727 1.7424 -7.7289 -10.9278
3 16 3.4765 -6.5121 -11.4168 4.4498 -5.0625 -12.4732 5.5425 -5.0625 -11.9993
4 0 2.3927 -8.6542 -9.1189 1.96 -9.775 -7.4567 1.42 -9.775 -7.6906 2.0339 -8.1437 -10.117
4 330 1.7424 -7.7289 -10.9278 2.0339 -8.1437 -10.117 1.42 -9.775 -7.6906 1.3356 -9.775 -7.7272
3 16 3.1804 -9.775 -6.928 1.96 -9.775 -7.4567 2.3927 -8.6542 -9.1189
4 0 1.4996 -10.6796 -4.8115 1.32 -10.26 -6.2083 1.3751 -9.9928 -7.0252 1.72 -10.68 -4.7146
4 0 1.32 -10.26 -6.2083 1.4996 -10.6796 -4.8115 .8219 -10.6783 -5.1064 1.0598 -10.2599 -6.3203
4 330 1.3356 -9.775 -7.7272 1.3751 -9.9928 -7.0252 1.32 -10.26 -6.2083 1.0598 -10.2599 -6.3203
4 16 .8219 -10.6783 -5.1064 1.4996 -10.6796 -4.8115 1.5686 -11.06 -3.5852 .6048 -11.06 -3.9988
4 330 2.7349 -1.975 -14.9274 0 -1.975 -15.4544 0 1.2 -16.4097 .2361 1.2 -16.3642
3 0 .2361 1.2 -16.3642 0 1.2 -16.4097 0 1.5 -16.5
4 0 .8316 -10.2599 -6.3735 1.0598 -10.2599 -6.3203 .8219 -10.6783 -5.1064 .4012 -10.674 -5.2175
4 330 1.3356 -9.775 -7.7272 1.0598 -10.2599 -6.3203 .8316 -10.2599 -6.3735 0 -9.775 -8
4 16 .4012 -10.674 -5.2175 .8219 -10.6783 -5.1064 .6048 -11.06 -3.9988 0 -11.06 -4.14
4 0 4.8016 -3.7442 -13.0504 5.2184 -4.1758 -12.6305 4.9831 -4.4473 -12.5827 4.591 -4.0161 -12.9917
4 0 5.8872 -3.6271 -12.6428 5.2184 -4.1758 -12.6305 4.8016 -3.7442 -13.0504 6.099 -2.7453 -13.0381
4 0 3.04 -1.975 -14.7947 3.64 -1.975 -14.5337 3.5565 -2.8785 -14.0705 3.0156 -2.2836 -14.6347
3 330 3.0156 -2.2836 -14.6347 2.7349 -1.975 -14.9274 3.04 -1.975 -14.7947
4 330 4.8016 -3.7442 -13.0504 4.591 -4.0161 -12.9917 3.5565 -2.8785 -14.0705 3.64 -1.975 -14.5337
4 330 6.099 -2.7453 -13.0381 4.8016 -3.7442 -13.0504 3.64 -1.975 -14.5337 6.284 -1.975 -13.3835
4 16 5.5425 -5.0625 -11.9993 4.9831 -4.4473 -12.5827 5.2184 -4.1758 -12.6305 5.8872 -3.6271 -12.6428
4 330 0 -1.975 -15.4544 2.7349 -1.975 -14.9274 2.3511 -5.0625 -13.3835 0 -5.0625 -13.856
4 0 6.099 -2.7453 -13.0381 6.4464 -2.4889 -12.9282 7.2644 -1.975 -12.612 6.7324 -2.9292 -12.4225
3 0 6.7324 -2.9292 -12.4225 7.2644 -1.975 -12.612 7.5254 -2.5279 -12.0542
4 0 8.2677 -2.3337 -11.5938 7.2644 -1.975 -12.612 9.4044 -1.975 -10.9278 8.9841 -2.311 -11.0444
3 0 7.5254 -2.5279 -12.0542 7.2644 -1.975 -12.612 8.2677 -2.3337 -11.5938
3 0 5.8872 -3.6271 -12.6428 6.099 -2.7453 -13.0381 6.7324 -2.9292 -12.4225
3 330 6.4464 -2.4889 -12.9282 6.284 -1.975 -13.3835 7.2644 -1.975 -12.612
3 330 6.099 -2.7453 -13.0381 6.284 -1.975 -13.3835 6.4464 -2.4889 -12.9282
4 16 5.5425 -5.0625 -11.9993 5.8872 -3.6271 -12.6428 6.7324 -2.9292 -12.4225 7.5254 -2.5279 -12.0542
4 16 5.5425 -5.0625 -11.9993 7.5254 -2.5279 -12.0542 8.2677 -2.3337 -11.5938 8.9841 -2.311 -11.0444
4 0 11.8838 -1.975 -7.7272 11.5113 -2.301 -7.9458 9.2936 -2.3012 -10.8084 9.4044 -1.975 -10.9278
3 16 9.9427 -3.6737 -8.8663 9.2936 -2.3012 -10.8084 11.5113 -2.301 -7.9458
3 16 8.3558 -5.0625 -9.7976 9.2936 -2.3012 -10.8084 9.9427 -3.6737 -8.8663
3 0 11.7482 -2.301 -7.6428 11.8838 -1.975 -7.7272 11.9088 -2.3 -7.2913
4 16 11.7482 -2.301 -7.6428 11.9088 -2.3 -7.2913 12.1211 -5.0625 -3.5859 10.5995 -5.0625 -6.928
3 0 3.2698 -6.82 -11.1931 3.177 -6.7223 -11.3323 3.4765 -6.5121 -11.4168
3 0 2.75 -7.7289 -10.4938 3.177 -6.7223 -11.3323 3.2698 -6.82 -11.1931
3 0 2.75 -7.7289 -10.4938 2.19 -7.7289 -10.735 2.2563 -7.3683 -11.0727
3 330 1.7424 -7.7289 -10.9278 2.2563 -7.3683 -11.0727 2.19 -7.7289 -10.735
4 16 4.3665 -7.7289 -9.7976 2.75 -7.7289 -10.4938 3.2698 -6.82 -11.1931 5.5425 -5.0625 -11.9993
3 16 3.2698 -6.82 -11.1931 3.4765 -6.5121 -11.4168 5.5425 -5.0625 -11.9993
4 0 2.19 -7.7289 -10.735 2.75 -7.7289 -10.4938 2.3927 -8.6542 -9.1189 2.0339 -8.1437 -10.117
3 330 2.0339 -8.1437 -10.117 1.7424 -7.7289 -10.9278 2.19 -7.7289 -10.735
4 16 2.75 -7.7289 -10.4938 4.3665 -7.7289 -9.7976 3.1804 -9.775 -6.928 2.3927 -8.6542 -9.1189
4 0 1.42 -9.775 -7.6906 1.96 -9.775 -7.4567 1.72 -10.68 -4.7146 1.3751 -9.9928 -7.0252
3 330 1.3751 -9.9928 -7.0252 1.3356 -9.775 -7.7272 1.42 -9.775 -7.6906
3 16 1.5686 -11.06 -3.5852 1.4996 -10.6796 -4.8115 1.72 -10.68 -4.7146
3 16 1.72 -10.68 -4.7146 1.96 -9.775 -7.4567 3.1804 -9.775 -6.928
3 16 1.5686 -11.06 -3.5852 1.72 -10.68 -4.7146 3.1804 -9.775 -6.928
3 330 2.7349 -1.975 -14.9274 .2361 1.2 -16.3642 2.8059 1.2002 -15.8503
4 0 0 1.5 -16.5 2.8126 1.5 -15.9374 2.8059 1.2002 -15.8503 .2361 1.2 -16.3642
4 0 0 -10.26 -6.5431 .8316 -10.2599 -6.3735 .4012 -10.674 -5.2175 0 -10.67 -5.3115
3 330 0 -10.26 -6.5431 0 -9.775 -8 .8316 -10.2599 -6.3735
3 16 0 -11.06 -4.14 0 -10.67 -5.3115 .4012 -10.674 -5.2175
4 0 4.9831 -4.4473 -12.5827 4.4498 -5.0625 -12.4732 3.7802 -5.0625 -12.7637 4.591 -4.0161 -12.9917
4 0 3.5565 -2.8785 -14.0705 3.48 -3.58 -13.7151 2.92 -3.49 -14.0079 3.0156 -2.2836 -14.6347
4 0 2.92 -3.49 -14.0079 3.48 -3.58 -13.7151 3.25 -5.0625 -12.9936 2.68 -5.0625 -13.2409
4 330 2.92 -3.49 -14.0079 2.68 -5.0625 -13.2409 2.3511 -5.0625 -13.3835 2.7349 -1.975 -14.9274
3 330 2.92 -3.49 -14.0079 2.7349 -1.975 -14.9274 3.0156 -2.2836 -14.6347
4 330 3.7802 -5.0625 -12.7637 3.25 -5.0625 -12.9936 3.48 -3.58 -13.7151 4.591 -4.0161 -12.9917
3 330 4.591 -4.0161 -12.9917 3.48 -3.58 -13.7151 3.5565 -2.8785 -14.0705
3 16 5.5425 -5.0625 -11.9993 4.4498 -5.0625 -12.4732 4.9831 -4.4473 -12.5827
3 0 12.266 1.1984 -7.8811 12.1213 1.2017 -8.2051 12.1436 1.5 -8.25
4 0 12.266 1.1984 -7.8811 12.1436 1.5 -8.25 13.0096 1.5 -6.2223 12.99 1.2 -6.1863
3 330 12.9 -1.7 -5.5459 12.266 1.1984 -7.8811 12.9551 -.5 -5.8038
3 330 12.9551 -.5 -5.8038 12.266 1.1984 -7.8811 12.99 1.2 -6.1863
4 288 0 4.13 -18.0228 1.9563 4.13 -17.4911 .2212 1.7974 -17.5496 0 1.8 -17.6101
4 288 4.6206 3.1082 -16.5586 3.6826 1.8006 -16.7191 3.4637 1.8 -16.8008 3.4481 3.1091 -16.9966
3 288 3.4637 1.8 -16.8008 3.38 3.13 -17.0154 3.4481 3.1091 -16.9966
4 288 3.6826 1.8006 -16.7191 4.6206 3.1082 -16.5586 5.99 3.08 -15.9026 7.6291 1.8 -14.8464
3 288 7.6291 1.8 -14.8464 5.99 3.08 -15.9026 7.4099 2.9963 -15.2107
4 288 7.6291 1.8 -14.8464 7.4099 2.9963 -15.2107 8.15 2.93 -14.534 9.3783 2.7658 -13.4033
3 288 10.0996 1.8 -12.6182 7.6291 1.8 -14.8464 9.3783 2.7658 -13.4033
3 0 10.3237 1.5 -12.3743 10.2946 1.8 -12.4503 10.3279 1.8003 -12.4148
3 0 10.3237 1.5 -12.3743 10.3279 1.8003 -12.4148 10.4058 1.8 -12.3152
4 288 10.0996 1.8 -12.6182 9.3783 2.7658 -13.4033 9.71 2.72 -13.1098 10.2946 1.8 -12.4503
4 288 10.0582 4.2325 -13.0661 10.2946 1.8 -12.4503 9.71 2.72 -13.1098 9.48 4.26 -13.5689
4 0 2.04 14.34 -18.7443 1.7 14.25 -18.8095 1.66 14.82 -18.8721 2.32 14.58 -18.7063
3 0 2.32 14.58 -18.7063 1.66 14.82 -18.8721 1.81 14.9 -18.8472
4 0 2.94 15.72 -18.6842 2.76 15.67 -18.7157 2.85 16.45 -18.7721 3.08 16.37 -18.7181
4 0 3.1082 15.6082 -18.6396 2.94 15.72 -18.6842 3.08 16.37 -18.7181 3.2427 16.1994 -18.6691
4 0 10.38 18.68 -12.534 10.69 18.58 -12.0862 10.24 16.65 -12.5918 10.1153 17.5398 -12.831
4 0 11.29 20.79 -11.3868 10.69 18.58 -12.0862 10.38 18.68 -12.534 10.93 20.89 -11.9057
4 16 2.23 4.6898 -17.5159 0 4.65 -18.1149 0 5.994 -18.353 2.43 5.99 -17.6919
3 16 2.43 5.99 -17.6919 0 5.994 -18.353 2.4649 6.0623 -17.6952
3 16 0 5.994 -18.353 2.5002 6.12 -17.6925 2.4649 6.0623 -17.6952
4 16 2.64 6.1998 -17.6641 2.5002 6.12 -17.6925 0 5.994 -18.353 2.751 14.0385 -18.5615
3 16 2.64 6.1998 -17.6641 2.751 14.0385 -18.5615 3.3894 6.3732 -17.4822
4 16 3.4934 6.3972 -17.4548 3.3894 6.3732 -17.4822 2.751 14.0385 -18.5615 4.72 12.69 -17.8326
3 16 3.4934 6.3972 -17.4548 4.72 12.69 -17.8326 5.1131 12.6287 -17.7114
4 0 3.9509 14.0762 -18.2176 4.402 14.0904 -18.0883 4.92 13.15 -17.8282 4.72 12.69 -17.8326
4 0 3.9509 14.0762 -18.2176 3.1082 15.6082 -18.6396 3.2427 16.1994 -18.6691 4.402 14.0904 -18.0883
3 16 2.751 14.0385 -18.5615 3.1082 15.6082 -18.6396 3.9509 14.0762 -18.2176
4 16 3.1082 15.6082 -18.6396 2.751 14.0385 -18.5615 2.76 15.67 -18.7157 2.94 15.72 -18.6842
3 16 4.72 12.69 -17.8326 2.751 14.0385 -18.5615 3.9509 14.0762 -18.2176
4 0 .0841 14.25 -19.16 0 14.25 -19.1769 0 14.82 -19.2284 .2451 14.82 -19.179
4 0 1.7 14.25 -18.8095 .0841 14.25 -19.16 .2451 14.82 -19.179 1.66 14.82 -18.8721
4 0 .7053 16.45 -19.2336 .5782 16 -19.2185 0 16 -19.3351 0 16.45 -19.3758
4 0 2.12 16 -18.8841 .5782 16 -19.2185 .7053 16.45 -19.2336 2.607 16.45 -18.8211
4 71 .2451 14.82 -19.179 0 14.82 -19.2284 0 16 -19.3351 .5782 16 -19.2185
4 71 1.66 14.82 -18.8721 .2451 14.82 -19.179 .5782 16 -19.2185 2.12 16 -18.8841
4 71 1.81 14.9 -18.8472 1.66 14.82 -18.8721 2.12 16 -18.8841 2.22 15.9 -18.8529
4 16 .7053 16.45 -19.2336 0 16.45 -19.3758 0 22.074 -19.884 2.275 22.0095 -19.4195
4 0 2.6673 15.4403 -18.7124 2.32 14.58 -18.7063 1.81 14.9 -18.8472 2.22 15.9 -18.8529
4 0 2.6673 15.4403 -18.7124 2.22 15.9 -18.8529 2.607 16.45 -18.8211 2.76 15.67 -18.7157
3 0 2.22 15.9 -18.8529 2.12 16 -18.8841 2.607 16.45 -18.8211
3 0 2.76 15.67 -18.7157 2.607 16.45 -18.8211 2.85 16.45 -18.7721
3 16 0 13.952 -19.15 0 14.25 -19.1769 .0841 14.25 -19.16
4 16 0 13.952 -19.15 .0841 14.25 -19.16 1.7 14.25 -18.8095 2.751 14.0385 -18.5615
3 16 2.751 14.0385 -18.5615 1.7 14.25 -18.8095 2.04 14.34 -18.7443
3 16 2.751 14.0385 -18.5615 2.04 14.34 -18.7443 2.32 14.58 -18.7063
3 16 2.751 14.0385 -18.5615 2.32 14.58 -18.7063 2.6673 15.4403 -18.7124
3 16 2.751 14.0385 -18.5615 2.6673 15.4403 -18.7124 2.76 15.67 -18.7157
3 16 2.607 16.45 -18.8211 .7053 16.45 -19.2336 2.275 22.0095 -19.4195
4 16 2.85 16.45 -18.7721 2.607 16.45 -18.8211 2.275 22.0095 -19.4195 4.55 21.945 -18.955
3 16 3.08 16.37 -18.7181 2.85 16.45 -18.7721 4.55 21.945 -18.955
3 16 3.2427 16.1994 -18.6691 3.08 16.37 -18.7181 4.55 21.945 -18.955
4 16 3.2427 16.1994 -18.6691 4.55 21.945 -18.955 5.502 14.125 -17.773 4.402 14.0904 -18.0883
4 16 4.92 13.15 -17.8282 4.402 14.0904 -18.0883 5.502 14.125 -17.773 5.2329 13.0896 -17.7304
3 16 0 5.994 -18.353 0 13.952 -19.15 2.751 14.0385 -18.5615
3 16 7.1924 19.8925 -17.608 4.55 21.945 -18.955 7.02 21.801 -17.682
4 0 5.1131 12.6287 -17.7114 4.72 12.69 -17.8326 4.92 13.15 -17.8282 5.2329 13.0896 -17.7304
4 0 5.1131 12.6287 -17.7114 5.2329 13.0896 -17.7304 5.6893 13.0015 -17.5478 5.7685 12.5265 -17.4526
4 0 5.7685 12.5265 -17.4526 5.6893 13.0015 -17.5478 6.97 12.8 -16.8363 6.93 12.39 -16.8125
3 16 5.6893 13.0015 -17.5478 5.2329 13.0896 -17.7304 5.502 14.125 -17.773
4 16 6.97 12.8 -16.8363 5.6893 13.0015 -17.5478 5.502 14.125 -17.773 8.3483 14.35 -16.2662
4 16 3.4934 6.3972 -17.4548 5.1131 12.6287 -17.7114 5.7685 12.5265 -17.4526 6.668 7.1317 -16.3713
4 16 6.668 7.1317 -16.3713 5.7685 12.5265 -17.4526 6.93 12.39 -16.8125 7.0181 7.2127 -16.1918
4 0 6.93 12.39 -16.8125 6.97 12.8 -16.8363 8.0295 12.6394 -16.2484 7.9597 12.2649 -16.2445
3 16 8.0295 12.6394 -16.2484 6.97 12.8 -16.8363 8.3483 14.35 -16.2662
4 16 8.3483 14.35 -16.2662 9.44 13.51 -14.4741 9.3454 12.3908 -14.8722 9.1178 12.4452 -15.2705
3 16 9.44 13.51 -14.4741 8.3483 14.35 -16.2662 9.62 15.22 -13.802
3 16 7.0181 7.2127 -16.1918 6.93 12.39 -16.8125 7.9597 12.2649 -16.2445
4 16 7.0181 7.2127 -16.1918 7.9597 12.2649 -16.2445 9.3064 11.9822 -15.0271 7.2938 7.2765 -15.9636
3 16 7.2938 7.2765 -15.9636 9.3064 11.9822 -15.0271 9.47 7.78 -14.174
3 16 9.62 7.7398 -14.038 9.47 7.78 -14.174 9.3064 11.9822 -15.0271
3 16 9.7298 7.63 -13.9248 9.62 7.7398 -14.038 9.3064 11.9822 -15.0271
3 0 0 1.5 -17.557 0 1.8 -17.6101 .2212 1.7974 -17.5496
4 288 10.2946 1.8 -12.4503 10.2802 3.25 -12.6825 10.347 3.1851 -12.6016 10.3279 1.8003 -12.4148
3 288 10.2946 1.8 -12.4503 10.0582 4.2325 -13.0661 10.2802 3.25 -12.6825
4 288 10.3279 1.8003 -12.4148 10.347 3.1851 -12.6016 10.39 3.1402 -12.5398 10.4058 1.8 -12.3152
3 288 10.4058 1.8 -12.3152 10.39 3.1402 -12.5398 10.54 3.1 -12.342
4 0 13.22 2.58 -8.5118 13.41 2.99 -8.1999 13.43 1.5 -7.9044 13.22 1.8 -8.3782
4 0 13.22 1.8 -8.3782 13.43 1.5 -7.9044 13.0096 1.5 -8.75 13.0448 1.7999 -8.7306
4 0 12.9676 1.7997 -8.8583 13.0096 1.5 -8.75 10.3237 1.5 -12.3743 10.4058 1.8 -12.3152
3 0 13.0096 1.5 -8.75 12.9676 1.7997 -8.8583 13.0448 1.7999 -8.7306
4 0 13.0096 1.5 -6.2223 13.2198 1.5 -5.7301 13.26 1.26 -5.5704 12.99 1.2 -6.1863
4 0 12.9551 -.5 -5.8038 12.99 1.2 -6.1863 13.26 1.26 -5.5704 13.1296 -.9301 -5.2776
4 0 12.9 -1.7 -5.5459 12.9551 -.5 -5.8038 13.1296 -.9301 -5.2776 13.05 -1.975 -5.1238
3 16 12.1211 -5.0625 -3.5859 12.87 -2.3 -5.1455 13.05 -1.975 -5.1238
3 16 13.5536 -1.975 -3.9996 12.1211 -5.0625 -3.5859 13.05 -1.975 -5.1238
3 16 13.5536 -1.975 -3.9996 13.05 -1.975 -5.1238 13.1296 -.9301 -5.2776
4 16 13.5536 -1.975 -3.9996 13.1296 -.9301 -5.2776 13.26 1.26 -5.5704 13.8433 1.5 -4.2702
3 16 13.26 1.26 -5.5704 13.2198 1.5 -5.7301 13.8433 1.5 -4.2702
3 16 14.0301 1.5 -6.6973 13.43 1.5 -7.9044 13.41 2.99 -8.1999
3 16 14.0301 1.5 -6.6973 13.41 2.99 -8.1999 13.652 6.979 -8.3964
4 0 10.54 3.1 -12.342 10.62 3.55 -12.3085 10.8709 3.4997 -11.9802 10.7504 3.0592 -12.067
4 0 10.7504 3.0592 -12.067 10.8709 3.4997 -11.9802 12.7832 3.1158 -9.3337 12.8482 2.6522 -9.1662
4 0 12.8482 2.6522 -9.1662 12.7832 3.1158 -9.3337 13.1895 3.0343 -8.651 13.1381 2.5959 -8.6793
4 0 13.1381 2.5959 -8.6793 13.1895 3.0343 -8.651 13.41 2.99 -8.1999 13.22 2.58 -8.5118
3 288 10.4058 1.8 -12.3152 10.54 3.1 -12.342 10.7504 3.0592 -12.067
4 288 10.4058 1.8 -12.3152 10.7504 3.0592 -12.067 12.8482 2.6522 -9.1662 12.9676 1.7997 -8.8583
4 288 12.9676 1.7997 -8.8583 12.8482 2.6522 -9.1662 13.1381 2.5959 -8.6793 13.0448 1.7999 -8.7306
4 288 13.22 1.8 -8.3782 13.0448 1.7999 -8.7306 13.1381 2.5959 -8.6793 13.22 2.58 -8.5118
3 16 13.41 2.99 -8.1999 13.1895 3.0343 -8.651 13.652 6.979 -8.3964
4 16 12.1 7.9915 -11.0949 13.652 6.979 -8.3964 13.1895 3.0343 -8.651 12.7832 3.1158 -9.3337
3 16 12.7832 3.1158 -9.3337 10.8709 3.4997 -11.9802 12.1 7.9915 -11.0949
4 16 12.1 7.9915 -11.0949 10.8709 3.4997 -11.9802 10.62 3.55 -12.3085 10.3681 4.7145 -12.808
3 16 10.3681 4.7145 -12.808 10.4405 9.949 -13.5142 12.1 7.9915 -11.0949
4 16 4.3665 -7.7289 -9.7976 5.5425 -5.0625 -11.9993 8.3558 -5.0625 -9.7976 6.6927 -7.7289 -7.9998
4 16 8.5627 -7.7289 -5.6568 6.6927 -7.7289 -7.9998 8.3558 -5.0625 -9.7976 10.5995 -5.0625 -6.928
4 16 9.8493 -7.7289 -2.928 8.5627 -7.7289 -5.6568 10.5995 -5.0625 -6.928 12.1211 -5.0625 -3.5859
4 16 10.465 -7.7289 0 9.8493 -7.7289 -2.928 12.1211 -5.0625 -3.5859 12.817 -5.0625 0
4 16 9.8493 -7.7289 -2.928 10.465 -7.7289 0 7.4 -9.775 0 6.9924 -9.775 -2.0704
4 16 8.5627 -7.7289 -5.6568 9.8493 -7.7289 -2.928 6.9924 -9.775 -2.0704 6.1084 -9.775 -4
4 16 6.6927 -7.7289 -7.9998 8.5627 -7.7289 -5.6568 6.1084 -9.775 -4 4.8083 -9.775 -5.6568
4 16 4.3665 -7.7289 -9.7976 6.6927 -7.7289 -7.9998 4.8083 -9.775 -5.6568 3.1804 -9.775 -6.928
4 16 3.1804 -9.775 -6.928 4.8083 -9.775 -5.6568 2.4254 -11.06 -2.9274 1.5686 -11.06 -3.5852
3 16 0 -11.5 -.001 1.5686 -11.06 -3.5852 2.4254 -11.06 -2.9274
3 16 0 -11.5 -.001 .6048 -11.06 -3.9988 1.5686 -11.06 -3.5852
3 16 0 -11.5 -.001 0 -11.06 -4.14 .6048 -11.06 -3.9988
3 16 0 -11.5 -.001 2.4254 -11.06 -2.9274 3.1168 -11.06 -2.07
3 16 0 -11.5 -.001 3.1168 -11.06 -2.07 3.5959 -11.06 -1.0714
3 16 0 -11.5 -.001 3.5959 -11.06 -1.0714 3.83 -11.06 0
4 16 3.1168 -11.06 -2.07 2.4254 -11.06 -2.9274 4.8083 -9.775 -5.6568 6.1084 -9.775 -4
4 16 3.5959 -11.06 -1.0714 3.1168 -11.06 -2.07 6.1084 -9.775 -4 6.9924 -9.775 -2.0704
4 16 3.83 -11.06 0 3.5959 -11.06 -1.0714 6.9924 -9.775 -2.0704 7.4 -9.775 0
4 16 14.3 -1.975 0 12.817 -5.0625 0 12.1211 -5.0625 -3.5859 13.5536 -1.975 -3.9996
3 16 10.4405 9.949 -13.5142 9.5386 12.0492 -14.6075 9.6293 12.1496 -14.4274
4 16 10.4405 9.949 -13.5142 9.6293 12.1496 -14.4274 9.67 12.28 -14.3274 11.0759 14.9523 -11.2851
4 16 12.867 20.93 -9.154 11.29 20.79 -11.3868 10.93 20.89 -11.9057 9.94 21.358 -13.346
3 16 10.38 18.68 -12.534 9.94 21.358 -13.346 10.93 20.89 -11.9057
4 16 10.69 18.58 -12.0862 11.29 20.79 -11.3868 12.867 20.93 -9.154 10.24 16.65 -12.5918
4 16 10.24 16.65 -12.5918 12.867 20.93 -9.154 11.0759 14.9523 -11.2851 10.1857 16.0074 -12.6243
3 16 9.8274 16.4982 -13.0501 9.1833 17.3805 -13.8154 9.94 21.358 -13.346
4 0 9.4325 11.9957 -14.8037 9.3064 11.9822 -15.0271 9.6968 12.6376 -14.2003 9.5386 12.0492 -14.6075
4 0 9.6293 12.1496 -14.4274 9.5386 12.0492 -14.6075 9.6968 12.6376 -14.2003 9.67 12.28 -14.3274
3 0 9.3064 11.9822 -15.0271 9.76 13.48 -13.91 9.6968 12.6376 -14.2003
4 0 9.62 15.22 -13.802 9.93 15.14 -13.2609 9.8736 14.5798 -13.4764 9.44 13.51 -14.4741
4 0 9.8736 14.5798 -13.4764 9.76 13.48 -13.91 9.3064 11.9822 -15.0271 9.3454 12.3908 -14.8722
3 0 9.3454 12.3908 -14.8722 9.44 13.51 -14.4741 9.8736 14.5798 -13.4764
3 16 9.67 12.28 -14.3274 9.6968 12.6376 -14.2003 11.0759 14.9523 -11.2851
4 16 11.0759 14.9523 -11.2851 9.6968 12.6376 -14.2003 9.76 13.48 -13.91 9.8736 14.5798 -13.4764
4 16 10.1857 16.0074 -12.6243 11.0759 14.9523 -11.2851 9.8736 14.5798 -13.4764 9.93 15.14 -13.2609
4 0 9.93 15.14 -13.2609 9.62 15.22 -13.802 9.6898 15.5601 -13.6072 10.0904 15.9215 -12.8131
4 0 10.0904 15.9215 -12.8131 9.6898 15.5601 -13.6072 9.8274 16.4982 -13.0501 10.1251 16.0904 -12.6963
3 0 10.1251 16.0904 -12.6963 9.8274 16.4982 -13.0501 10.17 16.31 -12.6671
3 16 9.1833 17.3805 -13.8154 9.8274 16.4982 -13.0501 9.6898 15.5601 -13.6072
3 16 9.93 15.14 -13.2609 10.0904 15.9215 -12.8131 10.1857 16.0074 -12.6243
3 16 10.0904 15.9215 -12.8131 10.1251 16.0904 -12.6963 10.1857 16.0074 -12.6243
3 16 10.1857 16.0074 -12.6243 10.1251 16.0904 -12.6963 10.17 16.31 -12.6671
3 16 10.1857 16.0074 -12.6243 10.17 16.31 -12.6671 10.24 16.65 -12.5918
3 16 10.1153 17.5398 -12.831 9.94 21.358 -13.346 10.38 18.68 -12.534
3 16 9.8274 16.4982 -13.0501 9.94 21.358 -13.346 10.1153 17.5398 -12.831
3 0 10.17 16.31 -12.6671 9.8274 16.4982 -13.0501 10.1153 17.5398 -12.831
3 0 10.17 16.31 -12.6671 10.1153 17.5398 -12.831 10.24 16.65 -12.5918
3 16 10.4405 9.949 -13.5142 11.0759 14.9523 -11.2851 12.0775 14.3391 -9.8183
3 16 12.1 7.9915 -11.0949 10.4405 9.949 -13.5142 12.0775 14.3391 -9.8183
3 16 13.652 6.979 -8.3964 12.1 7.9915 -11.0949 12.0775 14.3391 -9.8183
3 16 13.652 6.979 -8.3964 12.0775 14.3391 -9.8183 12.9696 14.1 -8.3
3 16 12.0775 14.3391 -9.8183 11.0759 14.9523 -11.2851 12.867 20.93 -9.154
3 16 12.9696 14.1 -8.3 12.0775 14.3391 -9.8183 12.867 20.93 -9.154
4 16 13.4729 14.3728 -7.2648 12.9696 14.1 -8.3 12.867 20.93 -9.154 14.341 20.616 -6.018
3 16 13.4729 14.3728 -7.2648 14.341 20.616 -6.018 13.9661 15.172 -6.3
4 0 7.9597 12.2649 -16.2445 8.0295 12.6394 -16.2484 9.1178 12.4452 -15.2705 9.3064 11.9822 -15.0271
3 16 9.1178 12.4452 -15.2705 8.0295 12.6394 -16.2484 8.3483 14.35 -16.2662
3 0 9.3064 11.9822 -15.0271 9.1178 12.4452 -15.2705 9.3454 12.3908 -14.8722
3 16 10.3681 4.7145 -12.808 9.7298 7.63 -13.9248 10.4405 9.949 -13.5142
3 16 9.4325 11.9957 -14.8037 9.5386 12.0492 -14.6075 9.3054 11.9808 -15.0277
3 16 10.4405 9.949 -13.5142 9.7298 7.63 -13.9248 9.3054 11.9808 -15.0277
3 16 10.4405 9.949 -13.5142 9.3054 11.9808 -15.0277 9.4325 11.9957 -14.8037
3 16 10.4405 9.949 -13.5142 9.4325 11.9957 -14.8037 9.5386 12.0492 -14.6075
4 16 5.502 14.125 -17.773 4.55 21.945 -18.955 7.1924 19.8925 -17.608 7.6529 17.0388 -17.1104
3 16 5.502 14.125 -17.773 7.6529 17.0388 -17.1104 8.3483 14.35 -16.2662
3 16 7.1924 19.8925 -17.608 7.02 21.801 -17.682 7.437 21.599 -15.621
3 16 7.1924 19.8925 -17.608 7.437 21.599 -15.621 7.5289 21.0138 -15.5064
4 16 7.5289 21.0138 -15.5064 7.437 21.599 -15.621 9.94 21.358 -13.346 8.2213 19.6887 -14.8093
4 72 9.0799 17.3574 -14.0379 8.8657 17.5 -14.3901 8.794 18.01 -14.2432 9.0123 17.6864 -13.9865
4 72 9.0088 18.7053 -14.0446 9.0863 18.01 -13.937 8.6868 18.5547 -14.3274 8.4488 19.0164 -14.5674
4 72 8.705 19.2948 -14.3509 9.0088 18.7053 -14.0446 8.4488 19.0164 -14.5674 8.1835 19.211 -14.8177
4 72 8.2213 19.6887 -14.8093 8.705 19.2948 -14.3509 8.1835 19.211 -14.8177 7.9882 19.7488 -15.0231
4 72 7.8725 19.827 -15.35 7.9746 19.427 -15.344 7.8741 19.3643 -15.7396 7.7483 19.6887 -15.8907
4 72 7.6766 19.2948 -16.3491 7.7779 19.0164 -16.1326 7.7448 18.5547 -16.3726 7.6343 18.7053 -16.6554
4 72 7.6343 18.7053 -16.6554 7.7448 18.5547 -16.3726 7.7725 18.01 -16.4568 7.6697 18.01 -16.763
4 72 8.0494 16.7252 -16.3491 8.122 17.0036 -16.1326 8.3265 16.6951 -15.7736 8.3105 16.3313 -15.8907
4 72 8.3105 16.3313 -15.8907 8.3265 16.6951 -15.7736 8.5399 16.5867 -15.35 8.5829 16.193 -15.35
4 72 8.5829 16.193 -15.35 8.5399 16.5867 -15.35 8.7296 16.6951 -14.9264 8.8251 16.3313 -14.8093
4 72 8.8251 16.3313 -14.8093 8.7296 16.6951 -14.9264 8.867 17.0191 -14.5632 9.002 16.7225 -14.3475
4 72 8.1835 19.211 -14.8177 8.1378 19.2382 -14.95 7.9746 19.427 -15.344 7.9882 19.7488 -15.0231
4 72 7.9223 19.1392 -15.6648 7.9948 18.94 -15.5099 7.9712 18.6097 -15.6816 7.8921 18.7174 -15.8839
4 72 7.8921 18.7174 -15.8839 7.9712 18.6097 -15.6816 7.9866 18.231 -15.7515 7.9174 18.22 -15.9609
4 72 8.0651 17.7226 -15.8839 8.1345 17.8303 -15.6816 8.3127 17.5 -15.5099 8.2926 17.3008 -15.6648
4 72 8.2926 17.3008 -15.6648 8.3127 17.5 -15.5099 8.502 17.2793 -15.253 8.3784 17.2008 -15.5483
4 72 8.6938 16.9201 -14.95 8.4989 17.0191 -15.3368 8.663 17.2018 -14.95 8.7964 17.2941 -14.6485
4 72 8.867 17.0191 -14.5632 8.6938 16.9201 -14.95 8.7964 17.2941 -14.6485 9.0799 17.3574 -14.0379
4 72 8.0758 17.1332 -16.2 7.9166 17.0977 -16.5427 7.7995 17.3147 -16.6554 7.8966 17.4653 -16.3726
4 72 7.8966 17.4653 -16.3726 7.7995 17.3147 -16.6554 7.7605 17.4232 -16.6722 7.8267 17.6598 -16.4027
4 72 7.9166 17.0977 -16.5427 8.0758 17.1332 -16.2 8.122 17.0036 -16.1326 8.0494 16.7252 -16.3491
4 72 7.7605 17.4232 -16.6722 7.6697 18.01 -16.763 7.7725 18.01 -16.4568 7.8267 17.6598 -16.4027
3 72 7.941 18.068 -15.9373 7.9174 18.22 -15.9609 7.9866 18.231 -15.7515
4 72 8.0651 17.7226 -15.8839 7.941 18.068 -15.9373 7.9866 18.231 -15.7515 8.1345 17.8303 -15.6816
3 72 8.3784 17.2008 -15.5483 8.502 17.2793 -15.253 8.5774 17.2452 -15.1199
4 72 8.4989 17.0191 -15.3368 8.3784 17.2008 -15.5483 8.5774 17.2452 -15.1199 8.663 17.2018 -14.95
3 16 8.663 17.2018 -14.95 8.5774 17.2452 -15.1199 8.7964 17.2941 -14.6485
4 16 8.7964 17.2941 -14.6485 8.5774 17.2452 -15.1199 8.502 17.2793 -15.253 8.8657 17.5 -14.3901
4 16 8.794 18.01 -14.2432 8.8657 17.5 -14.3901 8.502 17.2793 -15.253 8.3127 17.5 -15.5099
4 16 8.794 18.01 -14.2432 8.3127 17.5 -15.5099 8.1345 17.8303 -15.6816 7.9866 18.231 -15.7515
3 72 8.7964 17.2941 -14.6485 8.8657 17.5 -14.3901 9.0799 17.3574 -14.0379
3 72 9.002 16.7225 -14.3475 8.867 17.0191 -14.5632 9.0799 17.3574 -14.0379
3 16 9.002 16.7225 -14.3475 9.0799 17.3574 -14.0379 9.1833 17.3805 -13.8154
3 16 9.0799 17.3574 -14.0379 9.0123 17.6864 -13.9865 9.1833 17.3805 -13.8154
3 72 9.0123 17.6864 -13.9865 8.794 18.01 -14.2432 8.726 18.1985 -14.2728
4 72 9.0863 18.01 -13.937 9.0123 17.6864 -13.9865 8.726 18.1985 -14.2728 8.6868 18.5547 -14.3274
3 16 7.6529 17.0388 -17.1104 7.7605 17.4232 -16.6722 7.7995 17.3147 -16.6554
3 16 7.6529 17.0388 -17.1104 7.7995 17.3147 -16.6554 7.9166 17.0977 -16.5427
4 16 7.6529 17.0388 -17.1104 7.9166 17.0977 -16.5427 8.0494 16.7252 -16.3491 8.3483 14.35 -16.2662
3 16 8.3483 14.35 -16.2662 8.0494 16.7252 -16.3491 8.3105 16.3313 -15.8907
3 16 8.3483 14.35 -16.2662 8.3105 16.3313 -15.8907 8.5829 16.193 -15.35
3 16 8.3483 14.35 -16.2662 8.5829 16.193 -15.35 8.8251 16.3313 -14.8093
3 16 8.3483 14.35 -16.2662 8.8251 16.3313 -14.8093 9.002 16.7225 -14.3475
4 16 8.6938 16.9201 -14.95 8.867 17.0191 -14.5632 8.7296 16.6951 -14.9264 8.5399 16.5867 -15.35
4 16 8.4989 17.0191 -15.3368 8.6938 16.9201 -14.95 8.5399 16.5867 -15.35 8.3265 16.6951 -15.7736
4 16 8.4989 17.0191 -15.3368 8.3265 16.6951 -15.7736 8.122 17.0036 -16.1326 8.3784 17.2008 -15.5483
3 16 8.122 17.0036 -16.1326 8.0758 17.1332 -16.2 8.3784 17.2008 -15.5483
4 16 8.2926 17.3008 -15.6648 8.3784 17.2008 -15.5483 8.0758 17.1332 -16.2 7.8966 17.4653 -16.3726
4 16 8.0651 17.7226 -15.8839 8.2926 17.3008 -15.6648 7.8966 17.4653 -16.3726 7.8267 17.6598 -16.4027
3 16 7.8267 17.6598 -16.4027 7.941 18.068 -15.9373 8.0651 17.7226 -15.8839
4 16 7.7725 18.01 -16.4568 7.9174 18.22 -15.9609 7.941 18.068 -15.9373 7.8267 17.6598 -16.4027
4 16 7.9174 18.22 -15.9609 7.7725 18.01 -16.4568 7.7448 18.5547 -16.3726 7.8921 18.7174 -15.8839
4 16 7.8921 18.7174 -15.8839 7.7448 18.5547 -16.3726 7.7779 19.0164 -16.1326 7.9223 19.1392 -15.6648
4 16 7.9223 19.1392 -15.6648 7.7779 19.0164 -16.1326 7.8741 19.3643 -15.7396 7.9637 19.2949 -15.4939
3 16 7.6343 18.7053 -16.6554 7.1924 19.8925 -17.608 7.6766 19.2948 -16.3491
4 16 7.1924 19.8925 -17.608 7.6343 18.7053 -16.6554 7.6697 18.01 -16.763 7.6529 17.0388 -17.1104
3 16 7.6529 17.0388 -17.1104 7.6697 18.01 -16.763 7.7605 17.4232 -16.6722
4 16 8.2272 19.0907 -14.7717 7.9866 18.231 -15.7515 7.9712 18.6097 -15.6816 7.9948 18.94 -15.5099
4 16 8.2272 19.0907 -14.7717 7.9948 18.94 -15.5099 8.0584 19.1607 -15.253 8.0962 19.1922 -15.1307
4 72 7.7779 19.0164 -16.1326 7.6766 19.2948 -16.3491 7.7276 19.4778 -16.1411 7.8741 19.3643 -15.7396
4 72 7.9948 18.94 -15.5099 7.9223 19.1392 -15.6648 7.9637 19.2949 -15.4939 8.0584 19.1607 -15.253
3 72 8.0584 19.1607 -15.253 7.9637 19.2949 -15.4939 8.0962 19.1922 -15.1307
4 72 8.0962 19.1922 -15.1307 7.9637 19.2949 -15.4939 7.9746 19.427 -15.344 8.1378 19.2382 -14.95
4 16 8.0962 19.1922 -15.1307 8.1378 19.2382 -14.95 8.1835 19.211 -14.8177 8.2272 19.0907 -14.7717
3 16 7.9637 19.2949 -15.4939 7.8741 19.3643 -15.7396 7.9746 19.427 -15.344
3 72 7.8741 19.3643 -15.7396 7.7276 19.4778 -16.1411 7.7483 19.6887 -15.8907
4 16 8.2272 19.0907 -14.7717 8.1835 19.211 -14.8177 8.4488 19.0164 -14.5674 8.6868 18.5547 -14.3274
3 16 8.726 18.1985 -14.2728 8.2272 19.0907 -14.7717 8.6868 18.5547 -14.3274
4 16 7.9866 18.231 -15.7515 8.2272 19.0907 -14.7717 8.726 18.1985 -14.2728 8.794 18.01 -14.2432
4 16 9.1833 17.3805 -13.8154 9.0123 17.6864 -13.9865 9.0863 18.01 -13.937 9.94 21.358 -13.346
3 16 9.0863 18.01 -13.937 9.0088 18.7053 -14.0446 9.94 21.358 -13.346
3 16 9.0088 18.7053 -14.0446 8.705 19.2948 -14.3509 9.94 21.358 -13.346
3 16 8.705 19.2948 -14.3509 8.2213 19.6887 -14.8093 9.94 21.358 -13.346
3 16 8.2213 19.6887 -14.8093 7.9882 19.7488 -15.0231 7.5289 21.0138 -15.5064
3 16 7.9882 19.7488 -15.0231 7.8725 19.827 -15.35 7.5289 21.0138 -15.5064
4 16 7.5289 21.0138 -15.5064 7.8725 19.827 -15.35 7.7483 19.6887 -15.8907 7.1924 19.8925 -17.608
3 16 7.7276 19.4778 -16.1411 7.1924 19.8925 -17.608 7.7483 19.6887 -15.8907
3 16 7.6766 19.2948 -16.3491 7.1924 19.8925 -17.608 7.7276 19.4778 -16.1411
3 72 7.9746 19.427 -15.344 7.8725 19.827 -15.35 7.9882 19.7488 -15.0231
4 16 9.1833 17.3805 -13.8154 9.8274 16.4982 -13.0501 9.6898 15.5601 -13.6072 9.002 16.7225 -14.3475
3 16 8.3483 14.35 -16.2662 9.002 16.7225 -14.3475 9.6898 15.5601 -13.6072
3 16 8.3483 14.35 -16.2662 9.6898 15.5601 -13.6072 9.62 15.22 -13.802
4 0 0 1.5 -16.5 0 1.5 -17.557 3.467 1.5 -16.756 2.8126 1.5 -15.9374
4 0 6.434 1.5 -14.289 2.8126 1.5 -15.9374 3.467 1.5 -16.756 7.684 1.5 -14.755
4 0 9.6166 1.5 -11.6672 6.434 1.5 -14.289 7.684 1.5 -14.755 10.3237 1.5 -12.3743
4 0 12.1436 1.5 -8.25 9.6166 1.5 -11.6672 10.3237 1.5 -12.3743 13.0096 1.5 -8.75
3 0 13.43 1.5 -7.9044 12.1436 1.5 -8.25 13.0096 1.5 -8.75
3 0 12.1436 1.5 -8.25 13.43 1.5 -7.9044 13.0096 1.5 -6.2223
3 0 13.2198 1.5 -5.7301 13.0096 1.5 -6.2223 13.43 1.5 -7.9044
3 16 13.2198 1.5 -5.7301 13.43 1.5 -7.9044 14.0301 1.5 -6.6973
4 16 13.8433 1.5 -4.2702 13.2198 1.5 -5.7301 14.0301 1.5 -6.6973 14.9092 1.5 -4.529
