0 ~Technic Ball Socket Round - Quarter
0 Name: s\93571s01.dat
0 Author: Yu Zhang [ishkafel]
0 !LDRAW_ORG Unofficial_Subpart
0 !LICENSE Redistributable under CCAL version 2.0 : see CAreadme.txt

0 !HELP subpart name

0 BFC CERTIFY CCW

0 !HISTORY 2013-08-14 {LEGO Digital Designer} Original part shape
0 !HISTORY 2020-03-17 [ishkafel] File preparation for LDraw Parts Tracker

1 16 20 0 0 0 -1 0 0 0 9.25 9.25 0 0 1-8chrd.dat
1 16 3.25 0 0 0 16.75 0 0 0 9.25 9.25 0 0 1-8cylo.dat
1 16 10 0 0 0 10 0 9.25 0 0 0 0 9.25 1-16cylo.dat
1 16 20 0 0 0 -1 0 9.25 0 0 0 0 9.25 1-16chrd.dat
2 24 20 9.25 0 20 9.25 -9.997
2 24 20 2 -9.997 20 2 -2
2 24 13.25 2 -5.6 13.25 2 -9.997
2 24 13.25 2 -9.997 20 2 -9.997
2 24 20 2 -9.997 20 4.75 -9.997
2 24 13.25 0 -6 13.25 2 -5.6
2 24 0 9.25 -10 3.799 9.25 -10.842
2 24 3.799 7.91 -10.842 0 7.91 -10
2 24 3.799 9.25 -10.842 7.071 9.25 -12.929
2 24 7.071 7.91 -12.929 3.799 7.91 -10.842
2 24 7.071 9.25 -12.929 9.158 9.25 -16.201
2 24 9.158 7.91 -16.201 7.071 7.91 -12.929
2 24 20 9.25 -9.997 20 9.25 -20
2 24 10 9.25 -20 9.158 9.25 -16.201
2 24 10 7.91 -20 9.158 7.91 -16.201
2 24 20 4.966 -17.193 20 5.375 -19.25
2 24 20 4.75 -9.997 20 4.966 -17.193
2 24 13.25 4.75 -9.997 13.25 2 -9.997
2 24 11.125 0 -13.75 11.125 2.392 -14.226
2 24 13.25 4.75 -9.997 13.25 4.966 -17.193
2 24 20 4.75 -9.997 13.25 4.75 -9.997
2 24 13.25 2.687 -14.595 13.25 4.966 -17.193
2 24 11.125 2.687 -14.595 11.125 4.966 -17.193
2 24 11.125 4.966 -17.193 11.125 5.375 -19.25
2 24 13.25 0 -13.875 13.25 2.687 -14.595
2 24 18.979 4.041 -28.321 19.997 7.836 -24.809
2 24 18.622 0 -29.25 18.979 4.041 -28.321
2 24 20 2.687 -23.905 20 0 -24.625
2 24 11.651 2.687 -23.905 12.2 0 -24.625
2 24 11.125 4.966 -21.307 11.651 2.687 -23.905
2 24 20 2.687 -23.905 20 4.966 -21.307
2 24 20 9.25 -20 19.997 7.836 -24.809
2 24 10 7.91 -24.796 10 9.25 -20
2 24 11.125 0 -13.875 11.125 2.687 -14.595
2 24 11.125 4.966 -21.307 11.125 5.375 -19.25
2 24 11.125 6.25 -20 11.125 6.229 -26.839
2 24 11.125 5.774 -17.608 11.125 6.25 -20
2 24 11.125 4.419 -15.581 11.125 5.774 -17.608
2 24 11.125 2.392 -14.226 11.125 4.419 -15.581
2 24 12.349 4.333 -28.173 13.69 0 -29.25
2 24 11.125 5.863 -27.155 12.349 4.333 -28.173
2 24 11.125 6.229 -26.839 11.125 5.863 -27.155
2 24 11.125 6.229 -26.839 10 7.91 -24.796
2 24 10 7.91 -24.796 10 7.91 -20
2 24 20 5.375 -19.25 20 4.966 -21.307
2 24 20 2 5.602 .25 2 5.602
2 24 .25 2 5.602 .25 0 6
2 24 .25 0 4 .25 2 3.468
2 24 .25 2 5.602 .25 2 3.468
2 24 .25 2 3.468 0 2 3.468
2 24 20 2 2 0 2 2
2 24 20 5.602 2 .25 5.602 2
2 24 .25 5.602 2 .25 6 0
2 24 .25 4 0 .25 3.468 2
2 24 .25 5.602 2 .25 3.468 2
2 24 .25 3.468 2 0 3.468 2
2 24 13.25 2 -5.602 .25 2 -5.602
2 24 .25 2 -5.602 .25 0 -6
2 24 .25 0 -4 .25 2 -3.468
2 24 .25 2 -5.602 .25 2 -3.468
2 24 .25 2 -3.468 0 2 -3.468
2 24 20 2 -2 0 2 -2
2 24 20 5.602 -2 .25 5.602 -2
2 24 .25 5.602 -2 .25 6 0
2 24 .25 4 0 .25 3.468 -2
2 24 .25 5.602 -2 .25 3.468 -2
2 24 .25 3.468 -2 0 3.468 -2
2 24 20 0 6 20 2 5.602
2 24 20 2 5.602 20 2 2
2 24 20 2 2 20 5.602 2
2 24 20 5.602 2 20 6 0
2 24 20 6 0 20 5.602 -2
2 24 20 5.602 -2 20 2 -2
2 24 3.25 6.540675 6.540675 3.25 6.75 6.22746
2 24 3.25 6.75 6.22746 10 6.75 6.22746
2 24 10 6.75 6.22746 10 8.546075 3.539975
2 24 20 6.540675 6.540675 20 6.75 6.22746
2 24 20 6.75 6.22746 20 8.546075 3.539975
3 16 20 5.375 -19.25 20 9.25 -20 20 4.966 -17.193
3 16 20 4.966 -17.193 13.25 4.966 -17.193 20 5.375 -19.25
3 16 13.25 2.687 -14.595 13.25 4.966 -17.193 13.25 4.75 -9.997
3 16 18.979 4.041 -28.321 19.997 7.836 -24.809 19.994 0 -25.675
3 16 19.994 0 -25.675 18.622 0 -29.25 18.979 4.041 -28.321
3 16 11.125 4.51 -25.256 12.2 0 -25.45 11.651 2.687 -23.905
3 16 12.2 0 -25.45 12.2 0 -24.625 11.651 2.687 -23.905
3 16 11.125 4.51 -25.256 11.651 2.687 -23.905 11.125 4.966 -21.307
3 16 11.125 5.375 -19.25 11.125 6.25 -20 11.125 4.966 -21.307
3 16 11.125 4.419 -15.581 11.125 2.687 -14.595 11.125 2.392 -14.226
3 16 13.69 0 -29.25 12.2 0 -25.45 12.349 4.333 -28.173
3 16 12.349 4.333 -28.173 12.2 0 -25.45 11.125 4.51 -25.256
3 16 12.349 4.333 -28.173 11.125 4.51 -25.256 11.125 5.863 -27.155
3 16 11.125 4.51 -25.256 11.125 6.229 -26.839 11.125 5.863 -27.155
3 16 12.349 4.333 -28.173 18.979 4.041 -28.321 13.69 0 -29.25
3 16 18.622 0 -29.25 13.69 0 -29.25 18.979 4.041 -28.321
3 16 10 7.91 -24.796 19.997 7.836 -24.809 11.125 6.229 -26.839
3 16 12.349 4.333 -28.173 19.997 7.836 -24.809 18.979 4.041 -28.321
3 16 19.997 7.836 -24.809 11.125 5.863 -27.155 11.125 6.229 -26.839
3 16 12.349 4.333 -28.173 11.125 5.863 -27.155 19.997 7.836 -24.809
3 16 10 7.91 -20 10 9.25 -20 10 7.91 -24.796
3 16 3.669 1.805 -8.042 0 0 -7.25 1.589 3.835 -8.042
3 16 3.799 7.91 -10.842 3.017 7.283 -10.033 0 7.91 -10
3 16 8.734 4.298 -12.049 6.967 3.428 -10.033 7.071 7.91 -12.929
3 16 7.071 7.91 -12.929 6.967 3.428 -10.033 3.799 7.91 -10.842
3 16 3.799 7.91 -10.842 6.967 3.428 -10.033 3.017 7.283 -10.033
3 16 7.071 7.91 -12.929 9.158 7.91 -16.201 8.734 4.298 -12.049
3 16 10.356 5.979 -15.813 8.734 4.298 -12.049 9.158 7.91 -16.201
3 16 10.356 5.979 -15.813 11.125 2.392 -14.226 8.734 4.298 -12.049
3 16 8.734 4.298 -12.049 11.125 2.392 -14.226 9.967 0 -12.049
3 16 11.125 2.392 -14.226 11.125 0 -13.75 9.967 0 -12.049
3 16 11.125 2.392 -14.226 10.356 5.979 -15.813 11.125 4.419 -15.581
3 16 11.125 4.419 -15.581 10.356 5.979 -15.813 11.125 5.774 -17.608
3 16 11.125 5.774 -17.608 10.356 5.979 -15.813 11.125 6.25 -20
3 16 3.669 1.805 -8.042 4.187 0 -8.042 0 0 -7.25
3 16 1.589 3.835 -8.042 0 0 -7.25 0 4.174 -8.037
3 16 20 4.966 -21.307 20 9.25 -20 20 5.375 -19.25
3 16 20 2 -9.997 20 4.75 -9.997 20 2 -2
3 16 20 9.25 0 20 8.546075 3.539975 20 6.75 6.22746
3 16 20 2 2 20 5.602 2 20 2 5.602
3 16 20 6.75 6.22746 10 6.75 6.22746 20 6.540675 6.540675
4 16 20 2 -2 13.25 2 -5.6 13.25 2 -9.997 20 2 -9.997
4 16 3.799 7.91 -10.842 0 7.91 -10 0 9.25 -10 3.799 9.25 -10.842
4 16 7.071 7.91 -12.929 3.799 7.91 -10.842 3.799 9.25 -10.842 7.071 9.25 -12.929
4 16 7.071 9.25 -12.929 9.158 9.25 -16.201 9.158 7.91 -16.201 7.071 7.91 -12.929
4 16 20 9.25 0 20 9.25 -9.997 9.158 9.25 -16.201 7.071 9.25 -12.929
4 16 20 9.25 -9.997 20 9.25 -20 10 9.25 -20 9.158 9.25 -16.201
4 16 9.158 9.25 -16.201 10 9.25 -20 10 7.91 -20 9.158 7.91 -16.201
4 16 20 4.75 -9.997 20 4.966 -17.193 20 9.25 -20 20 9.25 -9.997
4 16 13.25 0 -13.875 13.25 2 -9.997 13.25 2 -5.6 13.25 0 -6
4 16 13.25 4.966 -17.193 20 4.966 -17.193 20 4.75 -9.997 13.25 4.75 -9.997
4 16 11.125 4.966 -17.193 11.125 5.375 -19.25 20 5.375 -19.25 13.25 4.966 -17.193
4 16 11.125 4.966 -17.193 13.25 4.966 -17.193 13.25 2.687 -14.595 11.125 2.687 -14.595
4 16 13.25 2 -9.997 13.25 0 -13.875 13.25 2.687 -14.595 13.25 4.75 -9.997
4 16 20 0 -24.625 19.994 0 -25.675 19.997 7.836 -24.809 20 2.687 -23.905
4 16 12.2 0 -24.625 20 0 -24.625 20 2.687 -23.905 11.651 2.687 -23.905
4 16 11.651 2.687 -23.905 20 2.687 -23.905 20 4.966 -21.307 11.125 4.966 -21.307
4 16 19.997 7.836 -24.809 10 7.91 -24.796 10 9.25 -20 20 9.25 -20
4 16 13.25 0 -13.875 11.125 0 -13.875 11.125 2.687 -14.595 13.25 2.687 -14.595
4 16 11.125 4.51 -25.256 11.125 4.966 -21.307 11.125 6.25 -20 11.125 6.229 -26.839
4 16 11.125 4.966 -17.193 11.125 5.774 -17.608 11.125 6.25 -20 11.125 5.375 -19.25
4 16 11.125 5.774 -17.608 11.125 4.966 -17.193 11.125 2.687 -14.595 11.125 4.419 -15.581
4 16 11.125 0 -13.75 11.125 2.392 -14.226 11.125 2.687 -14.595 11.125 0 -13.875
4 16 11.125 6.229 -26.839 11.125 6.25 -20 10 7.91 -20 10 7.91 -24.796
4 16 6.967 3.428 -10.033 7.951 0 -10.033 4.187 0 -8.042 3.669 1.805 -8.042
4 16 3.017 7.283 -10.033 6.967 3.428 -10.033 3.669 1.805 -8.042 1.589 3.835 -8.042
4 16 9.967 0 -12.049 7.951 0 -10.033 6.967 3.428 -10.033 8.734 4.298 -12.049
4 16 0 7.91 -10 3.017 7.283 -10.033 1.589 3.835 -8.042 0 4.174 -8.037
4 16 9.158 7.91 -16.201 10 7.91 -20 11.125 6.25 -20 10.356 5.979 -15.813
4 16 20 2.687 -23.905 19.997 7.836 -24.809 20 9.25 -20 20 4.966 -21.307
4 16 20 5.375 -19.25 11.125 5.375 -19.25 11.125 4.966 -21.307 20 4.966 -21.307
4 16 13.25 4.75 -9.997 20 4.75 -9.997 20 2 -9.997 13.25 2 -9.997
4 16 .25 2 3.468 .25 2 5.602 .25 0 6 .25 0 4
4 16 .25 2 3.468 .25 0 4 0 0 4 0 2.002 3.468
4 16 20 2 5.602 20 0 6 .25 0 6 .25 2 5.602
4 16 20 2 2 20 2 5.602 .25 2 5.602 .25 2 3.468
4 16 .25 2 3.468 0 2 3.468 0 2 2 20 2 2
4 16 .25 6 0 .25 5.602 2 .25 3.468 2 .25 4 0
4 16 0 4 0 .25 4 0 .25 3.468 2 0 3.468 2.002
4 16 .25 6 0 20 6 0 20 5.602 2 .25 5.602 2
4 16 .25 5.602 2 20 5.602 2 20 2 2 .25 3.468 2
4 16 0 2 2 0 3.468 2 .25 3.468 2 20 2 2
4 16 .25 0 -6 .25 2 -5.602 .25 2 -3.468 .25 0 -4
4 16 0 0 -4 .25 0 -4 .25 2 -3.468 0 2.002 -3.468
4 16 .25 0 -6 13.25 0 -6 13.25 2 -5.602 .25 2 -5.602
4 16 .25 2 -5.602 13.25 2 -5.602 20 2 -2 .25 2 -3.468
4 16 0 2 -2 0 2 -3.468 .25 2 -3.468 20 2 -2
4 16 .25 3.468 -2 .25 5.602 -2 .25 6 0 .25 4 0
4 16 .25 3.468 -2 .25 4 0 0 4 0 0 3.468 -2.002
4 16 20 5.602 -2 20 6 0 .25 6 0 .25 5.602 -2
4 16 20 2 -2 20 5.602 -2 .25 5.602 -2 .25 3.468 -2
4 16 .25 3.468 -2 0 3.468 -2 0 2 -2 20 2 -2
4 16 20 9.25 0 20 6 0 20 5.602 -2 20 9.25 -9.997
4 16 20 4.75 -9.997 20 9.25 -9.997 20 5.602 -2 20 2 -2
4 16 20 0 9.25 20 0 6 20 2 5.602 20 6.540675 6.540675
4 16 20 6.75 6.22746 20 6.540675 6.540675 20 2 5.602 20 5.602 2
4 16 20 5.602 2 20 6 0 20 9.25 0 20 6.75 6.22746
4 16 10 8.546075 3.539975 10 6.75 6.22746 20 6.75 6.22746 20 8.546075 3.539975
4 16 20 6.540675 6.540675 10 6.75 6.22746 3.25 6.75 6.22746 3.25 6.540675 6.540675
4 16 3.799 9.25 -10.842 10 9.25 0 20 9.25 0 7.071 9.25 -12.929
4 16 0 9.25 0 10 9.25 0 3.799 9.25 -10.842 0 9.25 -10
5 24 13.25 4.966 -17.193 20 4.966 -17.193 13.25 4.75 -9.997 20 5.375 -19.25
5 24 19.997 7.836 -24.809 19.994 0 -25.675 20 0 -24.625 18.979 4.041 -28.321
5 24 11.125 4.51 -25.256 12.2 0 -25.45 11.651 2.687 -23.905 12.349 4.333 -28.173
5 24 11.125 4.966 -21.307 11.125 4.51 -25.256 11.651 2.687 -23.905 11.125 6.229 -26.839
5 24 11.125 4.51 -25.256 11.125 5.863 -27.155 11.125 6.229 -26.839 12.349 4.333 -28.173
5 24 10 9.25 -20 20 9.25 -20 9.158 9.25 -16.201 10 7.91 -24.796
5 24 10 7.91 -24.796 19.997 7.836 -24.809 11.125 6.229 -26.839 10 9.25 -20
5 24 12.349 4.333 -28.173 18.979 4.041 -28.321 19.997 7.836 -24.809 13.69 0 -29.25
